id_cliente,id_factura,monto_factura,dias_atraso,historial_pago,frecuencia_disputas,sentiment_email,riesgo,accion_recomendada,fecha_factura
C70,F0001,39547,9,16,0,negative,medium,reminder,2026-06-30
C199,F0002,13627,27,10,0,negative,high,call,2026-06-17
C163,F0003,31207,9,10,2,neutral,medium,reminder,2026-05-15
C310,F0004,7572,5,10,0,positive,low,statement,2026-05-04
C306,F0005,23859,17,11,1,neutral,high,reminder,2026-06-03
C233,F0006,17631,0,14,1,positive,low,call,2026-06-02
C489,F0007,22201,14,9,0,neutral,medium,call,2026-06-04
C415,F0008,10470,25,7,2,negative,high,statement,2026-06-28
C184,F0009,19922,25,5,2,negative,high,reminder,2026-06-11
C49,F0010,36092,14,11,1,negative,high,call,2026-06-19
C150,F0011,49085,0,6,0,positive,low,call,2026-06-05
C118,F0012,38690,7,17,3,negative,high,statement,2026-06-14
C429,F0013,7509,23,17,2,neutral,high,reminder,2026-06-29
C93,F0014,29300,30,14,1,neutral,high,statement,2026-06-26
C157,F0015,47356,13,18,1,positive,medium,statement,2026-05-12
C360,F0016,12737,13,13,0,neutral,medium,call,2026-06-26
C230,F0017,31854,19,8,0,negative,medium,call,2026-05-03
C345,F0018,21270,22,14,0,negative,high,statement,2026-06-04
C338,F0019,6719,26,9,0,neutral,medium,statement,2026-06-16
C389,F0020,13201,24,2,2,positive,high,reminder,2026-05-26
C488,F0021,23713,19,14,0,positive,low,reminder,2026-05-03
C271,F0022,34001,21,4,1,positive,medium,call,2026-05-15
C1,F0023,25882,14,20,0,negative,high,call,2026-06-27
C215,F0024,40260,13,20,3,negative,high,statement,2026-05-02
C83,F0025,35215,16,2,2,positive,medium,call,2026-05-22
C376,F0026,46869,24,9,3,positive,high,reminder,2026-05-12
C307,F0027,41143,15,14,3,positive,high,statement,2026-06-25
C423,F0028,13543,22,15,2,neutral,high,call,2026-06-28
C433,F0029,17500,14,9,0,positive,low,statement,2026-05-27
C489,F0030,18808,10,3,2,negative,medium,call,2026-05-06
C422,F0031,16001,2,6,3,positive,medium,statement,2026-05-28
C139,F0032,25177,1,5,2,neutral,medium,call,2026-05-10
C326,F0033,25062,2,14,2,negative,medium,statement,2026-05-25
C500,F0034,13989,15,11,1,negative,high,call,2026-05-30
C67,F0035,6720,15,7,3,neutral,high,reminder,2026-06-02
C14,F0036,27197,10,14,1,positive,low,statement,2026-05-23
C204,F0037,42168,17,20,1,neutral,medium,call,2026-06-26
C373,F0038,39390,1,12,1,neutral,medium,reminder,2026-06-17
C340,F0039,16360,20,5,1,positive,medium,call,2026-05-10
C128,F0040,43482,30,16,3,positive,high,call,2026-05-29
C464,F0041,29934,27,3,0,negative,high,statement,2026-05-04
C314,F0042,18897,0,10,3,neutral,medium,statement,2026-05-05
C221,F0043,18786,20,5,2,negative,high,call,2026-05-07
C314,F0044,40810,16,17,1,negative,high,call,2026-06-22
C116,F0045,47046,7,14,0,positive,low,call,2026-06-16
C490,F0046,8344,24,16,2,neutral,high,call,2026-05-31
C361,F0047,8555,14,20,1,negative,high,statement,2026-06-23
C408,F0048,45342,15,15,2,positive,high,reminder,2026-05-25
C207,F0049,7909,30,7,1,positive,high,reminder,2026-06-13
C282,F0050,27259,28,20,2,negative,high,reminder,2026-06-13
C184,F0051,31819,4,3,0,positive,low,reminder,2026-06-23
C479,F0052,5109,16,18,0,positive,low,statement,2026-06-23
C263,F0053,9418,2,4,2,positive,low,call,2026-06-12
C229,F0054,10006,15,17,2,negative,high,reminder,2026-06-15
C195,F0055,9073,1,13,2,positive,medium,reminder,2026-06-20
C352,F0056,35594,21,9,3,neutral,high,call,2026-05-08
C42,F0057,27311,22,12,3,negative,high,call,2026-05-03
C26,F0058,21490,27,2,3,neutral,high,call,2026-05-07
C187,F0059,33588,0,12,0,neutral,low,call,2026-06-07
C80,F0060,45647,0,7,0,neutral,low,statement,2026-06-30
C479,F0061,34179,15,18,0,positive,low,call,2026-06-07
C218,F0062,40304,17,3,2,neutral,high,reminder,2026-05-17
C44,F0063,31222,29,6,0,positive,high,call,2026-06-21
C424,F0064,17823,2,5,1,neutral,low,statement,2026-06-09
C92,F0065,9758,10,12,2,neutral,medium,call,2026-06-21
C310,F0066,31930,27,6,1,neutral,high,statement,2026-05-20
C51,F0067,48616,24,4,1,positive,medium,statement,2026-05-25
C468,F0068,29112,15,8,1,negative,high,reminder,2026-05-22
C55,F0069,45636,9,3,2,positive,medium,statement,2026-05-28
C65,F0070,19831,20,8,3,negative,high,reminder,2026-05-19
C94,F0071,39579,25,12,2,neutral,high,statement,2026-06-09
C188,F0072,36742,12,20,1,negative,high,reminder,2026-05-17
C354,F0073,33870,24,7,1,positive,medium,reminder,2026-06-13
C172,F0074,26930,26,7,3,positive,high,call,2026-06-21
C288,F0075,30809,10,8,1,positive,medium,call,2026-06-09
C53,F0076,40775,0,10,3,negative,high,reminder,2026-06-29
C41,F0077,20978,27,7,1,neutral,high,reminder,2026-06-25
C74,F0078,5874,1,3,2,positive,low,statement,2026-06-07
C432,F0079,17186,12,13,0,negative,medium,call,2026-06-14
C59,F0080,35862,21,10,2,neutral,high,call,2026-05-29
C242,F0081,47770,12,18,2,negative,high,call,2026-05-26
C464,F0082,47289,29,17,3,neutral,high,statement,2026-05-10
C81,F0083,17235,2,15,2,positive,medium,call,2026-05-08
C376,F0084,18567,5,3,3,negative,high,reminder,2026-05-18
C68,F0085,42834,7,4,2,positive,low,reminder,2026-05-18
C390,F0086,49988,4,4,3,neutral,high,reminder,2026-06-22
C360,F0087,19778,12,2,2,negative,high,call,2026-05-06
C487,F0088,33340,12,15,2,neutral,high,statement,2026-06-12
C22,F0089,20631,5,2,0,neutral,low,statement,2026-06-16
C200,F0090,33105,16,9,1,positive,medium,reminder,2026-06-27
C52,F0091,19327,15,16,0,neutral,medium,reminder,2026-05-04
C215,F0092,20183,19,12,3,negative,high,call,2026-06-01
C495,F0093,34821,7,16,0,neutral,low,reminder,2026-06-25
C473,F0094,14988,22,6,2,neutral,high,statement,2026-05-03
C229,F0095,37588,23,20,0,negative,high,statement,2026-05-01
C57,F0096,36530,25,13,3,negative,high,statement,2026-06-15
C44,F0097,25773,23,17,3,neutral,high,statement,2026-05-21
C216,F0098,24911,22,9,2,positive,high,reminder,2026-05-30
C264,F0099,35310,6,13,3,negative,high,statement,2026-06-23
C145,F0100,24480,13,16,0,positive,low,call,2026-06-25
C80,F0101,44191,3,14,3,positive,medium,statement,2026-06-16
C26,F0102,47731,5,4,2,neutral,medium,reminder,2026-06-29
C404,F0103,9884,6,11,2,neutral,medium,call,2026-05-03
C150,F0104,30522,20,7,3,negative,high,reminder,2026-05-29
C176,F0105,38192,5,3,2,neutral,medium,reminder,2026-05-08
C400,F0106,33458,28,20,3,positive,high,statement,2026-05-17
C485,F0107,34679,12,17,0,neutral,medium,reminder,2026-05-11
C247,F0108,34653,3,9,1,negative,high,reminder,2026-06-15
C256,F0109,27169,27,2,0,negative,high,statement,2026-05-17
C175,F0110,29249,22,15,0,negative,high,statement,2026-05-14
C403,F0111,19564,8,12,3,negative,high,call,2026-06-10
C393,F0112,19728,9,2,0,negative,medium,call,2026-06-19
C261,F0113,8611,4,7,1,positive,low,statement,2026-05-02
C415,F0114,8684,22,12,1,positive,medium,statement,2026-06-26
C354,F0115,39159,4,16,1,negative,medium,call,2026-05-24
C335,F0116,42343,3,11,2,negative,high,reminder,2026-05-28
C47,F0117,34651,26,14,1,positive,high,call,2026-05-27
C361,F0118,27813,23,18,0,neutral,high,statement,2026-06-22
C400,F0119,16982,24,10,2,negative,high,call,2026-06-18
C126,F0120,23441,3,8,1,negative,medium,call,2026-05-07
C14,F0121,19056,27,4,0,neutral,high,statement,2026-06-24
C452,F0122,41451,14,13,2,neutral,medium,statement,2026-06-04
C138,F0123,44363,13,3,2,negative,high,call,2026-06-26
C214,F0124,28685,17,15,0,negative,high,call,2026-06-08
C338,F0125,49095,20,7,1,negative,high,statement,2026-06-03
C363,F0126,44094,30,10,1,negative,high,call,2026-05-13
C257,F0127,42887,28,15,3,neutral,high,call,2026-05-01
C72,F0128,40860,3,7,1,neutral,medium,reminder,2026-06-28
C317,F0129,24806,26,16,0,positive,high,reminder,2026-06-29
C276,F0130,24188,6,6,1,positive,low,reminder,2026-06-06
C164,F0131,38308,27,8,3,negative,high,call,2026-06-16
C55,F0132,23245,8,7,2,negative,high,statement,2026-06-05
C486,F0133,17918,0,3,3,neutral,medium,reminder,2026-05-12
C258,F0134,5952,30,6,2,positive,high,statement,2026-05-26
C362,F0135,41438,21,16,0,negative,high,call,2026-05-14
C296,F0136,14548,7,11,0,positive,low,reminder,2026-06-26
C353,F0137,15292,3,6,1,positive,medium,reminder,2026-06-07
C264,F0138,40807,6,17,0,positive,low,statement,2026-05-17
C488,F0139,40899,3,5,1,neutral,medium,call,2026-06-29
C198,F0140,37771,30,13,3,positive,high,call,2026-06-14
C421,F0141,32260,7,8,2,positive,medium,reminder,2026-06-19
C73,F0142,46115,11,4,1,positive,medium,statement,2026-06-02
C297,F0143,9481,14,15,1,negative,high,statement,2026-05-11
C269,F0144,9565,21,13,2,negative,high,reminder,2026-05-17
C391,F0145,29984,10,11,1,positive,medium,reminder,2026-05-13
C69,F0146,49005,18,5,2,positive,medium,call,2026-06-12
C171,F0147,47713,13,19,1,positive,medium,reminder,2026-05-16
C275,F0148,9808,28,10,1,positive,high,statement,2026-06-29
C268,F0149,37767,25,8,1,negative,high,call,2026-06-23
C497,F0150,20814,5,3,3,positive,medium,call,2026-05-05
C245,F0151,23136,9,10,3,negative,high,reminder,2026-05-14
C318,F0152,7166,9,7,0,neutral,low,reminder,2026-05-28
C109,F0153,48283,24,4,3,negative,high,reminder,2026-06-06
C359,F0154,12756,18,9,3,neutral,high,statement,2026-05-28
C400,F0155,35199,19,12,1,positive,medium,reminder,2026-06-23
C419,F0156,5114,30,13,2,neutral,high,reminder,2026-05-04
C129,F0157,26646,10,7,3,positive,medium,statement,2026-05-22
C444,F0158,11450,8,18,2,neutral,medium,call,2026-06-19
C74,F0159,15604,12,2,0,positive,low,call,2026-05-09
C202,F0160,37705,30,7,1,negative,high,reminder,2026-05-04
C236,F0161,38046,2,18,0,positive,low,statement,2026-06-14
C187,F0162,45434,22,3,0,negative,high,call,2026-05-29
C20,F0163,30399,5,11,1,neutral,medium,statement,2026-06-06
C267,F0164,34399,1,7,2,neutral,medium,statement,2026-05-07
C165,F0165,41904,17,10,0,negative,medium,call,2026-05-10
C127,F0166,49354,25,20,3,positive,high,statement,2026-06-10
C460,F0167,15729,5,17,0,negative,medium,statement,2026-05-30
C321,F0168,21039,4,9,3,neutral,medium,reminder,2026-06-25
C231,F0169,27088,24,2,0,neutral,high,call,2026-05-30
C208,F0170,6235,22,15,2,neutral,high,reminder,2026-05-08
C222,F0171,15985,30,18,2,negative,high,statement,2026-05-08
C234,F0172,21839,25,18,0,negative,high,statement,2026-06-25
C195,F0173,40416,7,3,0,neutral,medium,statement,2026-05-25
C367,F0174,22300,23,17,0,positive,medium,reminder,2026-05-15
C45,F0175,8733,5,16,2,positive,low,call,2026-06-15
C382,F0176,22852,25,14,1,neutral,high,statement,2026-05-02
C66,F0177,25189,26,5,1,positive,high,reminder,2026-06-20
C69,F0178,36141,30,18,1,negative,high,reminder,2026-06-22
C20,F0179,35757,25,14,2,negative,high,call,2026-05-28
C398,F0180,39286,0,20,2,negative,medium,statement,2026-05-27
C391,F0181,22967,26,6,1,negative,high,reminder,2026-05-04
C257,F0182,44711,19,2,0,negative,high,call,2026-05-05
C142,F0183,24070,26,14,0,neutral,high,call,2026-06-04
C396,F0184,5703,12,4,2,neutral,medium,reminder,2026-05-09
C179,F0185,39804,2,4,0,negative,medium,reminder,2026-05-09
C264,F0186,7000,17,10,2,neutral,high,reminder,2026-05-26
C97,F0187,43459,27,15,2,negative,high,call,2026-06-26
C453,F0188,17916,9,4,2,neutral,medium,call,2026-05-25
C382,F0189,35033,26,7,3,negative,high,call,2026-06-21
C181,F0190,7305,1,16,0,neutral,low,statement,2026-06-28
C346,F0191,6929,22,4,0,neutral,high,statement,2026-05-28
C385,F0192,29978,1,14,1,neutral,medium,reminder,2026-05-01
C104,F0193,42128,20,8,1,negative,high,call,2026-06-29
C368,F0194,15438,20,15,1,positive,medium,call,2026-06-02
C427,F0195,36737,2,6,3,negative,high,call,2026-06-05
C66,F0196,16952,8,19,0,negative,medium,call,2026-06-12
C436,F0197,11683,8,19,2,positive,medium,call,2026-06-30
C71,F0198,35352,13,12,1,positive,medium,call,2026-06-19
C103,F0199,45227,16,3,3,positive,high,statement,2026-06-27
C470,F0200,39230,13,17,2,neutral,high,statement,2026-06-02
C442,F0201,6238,22,10,1,negative,high,call,2026-06-13
C276,F0202,31959,4,16,1,positive,low,statement,2026-06-25
C354,F0203,10901,25,18,3,neutral,high,statement,2026-05-09
C168,F0204,36560,18,15,3,neutral,high,call,2026-05-02
C425,F0205,29854,11,5,2,negative,high,statement,2026-06-29
C64,F0206,42235,2,9,1,neutral,low,reminder,2026-06-21
C163,F0207,48931,16,6,2,positive,high,reminder,2026-06-23
C364,F0208,15886,5,13,2,positive,medium,statement,2026-05-06
C115,F0209,19400,2,8,2,neutral,medium,reminder,2026-05-24
C326,F0210,42265,28,10,3,positive,high,statement,2026-05-14
C165,F0211,45491,10,11,2,positive,medium,call,2026-05-26
C437,F0212,42411,26,2,1,positive,high,call,2026-05-18
C166,F0213,31411,1,17,1,negative,medium,reminder,2026-05-09
C474,F0214,23524,5,16,0,positive,low,reminder,2026-06-28
C218,F0215,49825,4,4,1,neutral,medium,reminder,2026-06-25
C352,F0216,13499,29,19,0,negative,high,call,2026-05-28
C441,F0217,7704,5,4,2,positive,medium,reminder,2026-06-01
C476,F0218,12703,10,4,3,positive,medium,reminder,2026-05-14
C88,F0219,8921,21,12,3,negative,high,call,2026-06-10
C126,F0220,13267,30,5,0,neutral,high,call,2026-06-29
C27,F0221,13821,8,2,3,positive,medium,reminder,2026-06-02
C14,F0222,45481,6,17,0,negative,medium,statement,2026-06-25
C224,F0223,18225,2,19,0,negative,medium,statement,2026-06-20
C499,F0224,8810,28,10,3,positive,high,call,2026-05-02
C90,F0225,44785,7,12,2,negative,high,statement,2026-05-06
C351,F0226,31612,11,13,0,neutral,medium,call,2026-06-07
C280,F0227,20723,22,7,0,neutral,high,statement,2026-06-03
C361,F0228,45832,28,13,2,neutral,high,reminder,2026-05-18
C6,F0229,8295,30,9,2,neutral,high,reminder,2026-06-07
C209,F0230,29570,12,16,0,neutral,medium,statement,2026-05-19
C45,F0231,22647,5,3,0,positive,low,call,2026-05-29
C127,F0232,48356,22,3,2,neutral,high,call,2026-05-18
C72,F0233,9815,10,10,1,neutral,medium,statement,2026-05-28
C119,F0234,34594,11,16,1,neutral,medium,reminder,2026-06-28
C139,F0235,32652,17,7,3,neutral,high,statement,2026-06-27
C73,F0236,17024,30,16,1,negative,high,reminder,2026-05-22
C257,F0237,40100,8,11,0,positive,low,call,2026-05-19
C387,F0238,8034,12,9,0,positive,medium,statement,2026-06-03
C306,F0239,36797,6,9,0,positive,low,statement,2026-06-08
C24,F0240,5153,0,7,2,positive,medium,call,2026-05-15
C108,F0241,40323,2,11,0,negative,medium,statement,2026-05-27
C381,F0242,46538,23,12,0,positive,high,call,2026-06-03
C287,F0243,36071,29,5,1,negative,high,call,2026-06-09
C280,F0244,10528,10,5,2,neutral,medium,reminder,2026-05-23
C313,F0245,47901,3,11,1,neutral,medium,statement,2026-05-28
C411,F0246,21654,3,5,3,positive,medium,reminder,2026-05-09
C385,F0247,22432,0,12,0,neutral,low,reminder,2026-06-21
C366,F0248,32298,1,20,1,positive,low,statement,2026-06-27
C96,F0249,45606,22,14,2,neutral,high,statement,2026-06-04
C295,F0250,15988,3,13,3,neutral,high,reminder,2026-06-29
C94,F0251,16911,17,17,3,positive,high,statement,2026-05-01
C316,F0252,25893,17,7,2,neutral,high,statement,2026-06-05
C39,F0253,14540,8,10,1,neutral,medium,reminder,2026-05-06
C259,F0254,49339,21,19,2,negative,high,call,2026-06-13
C499,F0255,11563,17,11,1,neutral,medium,reminder,2026-05-07
C161,F0256,19645,26,8,2,negative,high,reminder,2026-06-05
C350,F0257,19853,0,19,3,neutral,medium,call,2026-05-27
C378,F0258,33806,3,4,2,neutral,medium,reminder,2026-06-26
C419,F0259,10995,24,12,2,negative,high,call,2026-06-25
C211,F0260,32751,0,15,1,negative,medium,reminder,2026-05-23
C203,F0261,27973,16,3,1,negative,high,statement,2026-06-14
C312,F0262,48223,8,14,0,neutral,low,statement,2026-05-13
C413,F0263,25645,27,19,0,negative,high,statement,2026-05-04
C363,F0264,22177,25,12,1,negative,high,reminder,2026-05-09
C111,F0265,24185,7,6,1,neutral,low,reminder,2026-06-13
C291,F0266,41719,16,13,2,negative,high,call,2026-06-15
C25,F0267,33458,29,11,1,negative,high,statement,2026-06-24
C187,F0268,7564,1,2,0,neutral,medium,reminder,2026-06-06
C17,F0269,9218,25,13,3,positive,high,reminder,2026-06-19
C449,F0270,29633,14,14,2,neutral,high,call,2026-06-19
C352,F0271,6219,21,19,3,positive,high,reminder,2026-05-06
C137,F0272,34882,22,15,3,positive,high,call,2026-06-28
C416,F0273,25370,5,6,1,positive,low,statement,2026-06-25
C298,F0274,29143,20,2,1,positive,medium,call,2026-06-15
C281,F0275,25658,1,11,1,neutral,medium,reminder,2026-05-20
C369,F0276,18379,21,5,3,positive,high,call,2026-06-25
C104,F0277,6409,16,18,1,neutral,medium,reminder,2026-05-19
C196,F0278,49286,27,14,1,negative,high,call,2026-06-26
C172,F0279,5109,4,19,1,neutral,medium,reminder,2026-05-20
C473,F0280,7301,22,5,3,negative,high,call,2026-05-13
C217,F0281,18123,1,20,3,negative,high,call,2026-05-12
C78,F0282,8738,27,13,0,positive,high,statement,2026-06-23
C141,F0283,36290,1,18,3,negative,high,reminder,2026-06-21
C190,F0284,43697,6,15,1,positive,low,statement,2026-06-16
C133,F0285,23898,25,10,0,negative,high,statement,2026-05-29
C194,F0286,27497,23,3,1,positive,medium,statement,2026-05-12
C202,F0287,48284,21,4,0,positive,medium,statement,2026-05-07
C423,F0288,46443,4,16,2,negative,medium,call,2026-06-08
C112,F0289,20225,0,13,2,neutral,medium,statement,2026-05-05
C283,F0290,5795,12,5,1,negative,high,statement,2026-06-12
C198,F0291,36601,19,7,0,negative,medium,call,2026-06-21
C461,F0292,40885,12,20,3,negative,high,call,2026-05-09
C206,F0293,49214,17,18,3,positive,high,reminder,2026-06-16
C56,F0294,11114,0,6,0,positive,low,statement,2026-05-23
C362,F0295,39591,22,11,0,positive,high,reminder,2026-05-21
C89,F0296,48524,3,11,2,negative,high,call,2026-05-29
C306,F0297,16298,17,16,2,neutral,high,call,2026-05-15
C441,F0298,22593,22,12,2,positive,high,call,2026-05-22
C183,F0299,6071,28,9,2,positive,high,reminder,2026-06-08
C349,F0300,5361,2,11,3,neutral,high,statement,2026-05-08
C261,F0301,23784,20,10,0,neutral,medium,statement,2026-06-22
C387,F0302,48508,0,6,2,negative,medium,call,2026-06-28
C219,F0303,43700,20,4,3,neutral,high,call,2026-05-08
C110,F0304,43441,26,20,3,negative,high,reminder,2026-05-21
C348,F0305,7173,2,10,1,positive,low,statement,2026-06-26
C474,F0306,30716,24,18,0,positive,high,reminder,2026-05-16
C312,F0307,14928,12,11,0,neutral,medium,reminder,2026-06-07
C223,F0308,28349,30,15,1,negative,high,statement,2026-05-01
C240,F0309,18404,1,19,1,negative,medium,reminder,2026-05-19
C267,F0310,31846,16,11,0,positive,medium,statement,2026-06-01
C386,F0311,23598,12,20,1,negative,high,call,2026-05-09
C457,F0312,47756,0,5,2,positive,medium,call,2026-05-10
C343,F0313,31082,27,6,2,negative,high,statement,2026-05-04
C181,F0314,25501,26,9,0,positive,high,call,2026-05-29
C114,F0315,22286,26,10,3,negative,high,statement,2026-05-12
C156,F0316,14702,4,16,1,negative,medium,call,2026-06-05
C217,F0317,30073,15,4,2,negative,high,call,2026-05-16
C472,F0318,5829,24,3,0,neutral,high,reminder,2026-06-05
C38,F0319,44577,8,20,1,negative,medium,statement,2026-05-15
C278,F0320,8388,21,3,0,neutral,medium,reminder,2026-05-28
C273,F0321,20830,23,15,3,positive,high,statement,2026-06-15
C271,F0322,26936,29,6,2,negative,high,reminder,2026-06-18
C297,F0323,14036,6,4,1,neutral,medium,reminder,2026-06-28
C280,F0324,7231,1,16,0,negative,medium,statement,2026-05-25
C452,F0325,38505,27,18,2,positive,high,statement,2026-06-30
C330,F0326,47280,12,3,2,positive,medium,reminder,2026-05-06
C18,F0327,5098,26,19,2,negative,high,call,2026-06-26
C494,F0328,14657,17,5,2,negative,high,call,2026-06-16
C51,F0329,24678,9,10,1,neutral,medium,call,2026-05-11
C50,F0330,20150,7,19,2,neutral,medium,call,2026-05-10
C268,F0331,23726,3,8,3,positive,medium,reminder,2026-06-13
C437,F0332,45781,6,2,2,neutral,medium,statement,2026-06-02
C13,F0333,29645,3,10,3,neutral,medium,call,2026-06-28
C67,F0334,32341,24,4,3,positive,high,reminder,2026-05-09
C4,F0335,25913,16,9,3,positive,medium,reminder,2026-05-26
C308,F0336,37075,20,11,1,neutral,medium,call,2026-06-13
C303,F0337,10727,2,14,3,neutral,high,reminder,2026-06-21
C416,F0338,18454,12,13,0,positive,medium,statement,2026-06-18
C66,F0339,33223,0,2,2,neutral,medium,reminder,2026-05-24
C399,F0340,26088,2,7,0,neutral,medium,statement,2026-06-04
C369,F0341,8815,12,12,0,positive,medium,statement,2026-05-25
C361,F0342,31349,20,16,0,negative,high,reminder,2026-06-16
C260,F0343,24154,11,20,1,negative,high,reminder,2026-05-25
C452,F0344,39680,15,3,0,negative,medium,call,2026-05-24
C133,F0345,8083,3,20,1,negative,medium,call,2026-06-15
C138,F0346,31419,17,16,0,negative,high,statement,2026-05-07
C296,F0347,48085,1,20,0,neutral,low,call,2026-05-09
C275,F0348,47006,8,15,0,neutral,medium,reminder,2026-06-11
C63,F0349,35448,3,10,2,positive,medium,statement,2026-06-12
C261,F0350,42029,9,10,3,positive,medium,call,2026-05-10
C45,F0351,20379,7,20,0,positive,low,call,2026-05-13
C390,F0352,16176,3,6,0,neutral,medium,reminder,2026-05-10
C31,F0353,8359,21,19,0,negative,high,call,2026-06-08
C59,F0354,28553,15,5,1,negative,high,statement,2026-06-27
C412,F0355,7668,15,11,3,positive,high,reminder,2026-05-04
C474,F0356,13908,9,14,1,negative,medium,statement,2026-06-08
C123,F0357,13912,25,2,3,positive,high,statement,2026-06-13
C187,F0358,49911,14,18,3,neutral,high,statement,2026-05-23
C297,F0359,47661,30,16,3,positive,high,reminder,2026-05-28
C408,F0360,5456,28,17,0,positive,medium,call,2026-06-14
C66,F0361,43197,15,7,0,positive,medium,statement,2026-06-10
C466,F0362,42766,6,17,0,negative,medium,statement,2026-06-18
C60,F0363,21683,15,6,1,neutral,high,statement,2026-05-23
C327,F0364,10605,18,12,2,positive,high,reminder,2026-05-25
C406,F0365,24544,22,11,1,neutral,high,call,2026-05-10
C309,F0366,42742,13,2,3,neutral,high,call,2026-06-18
C326,F0367,20460,8,10,3,positive,medium,call,2026-06-16
C363,F0368,13580,6,15,1,negative,high,statement,2026-05-16
C10,F0369,46768,3,14,2,negative,high,statement,2026-06-25
C299,F0370,47912,14,8,3,neutral,high,reminder,2026-06-29
C292,F0371,48577,23,13,3,negative,high,call,2026-05-10
C155,F0372,36137,10,14,3,negative,high,reminder,2026-05-16
C337,F0373,15370,13,18,1,negative,high,statement,2026-05-06
C346,F0374,5768,24,8,3,neutral,high,call,2026-05-03
C21,F0375,22873,18,9,1,negative,high,call,2026-06-09
C54,F0376,29735,27,18,3,negative,high,reminder,2026-06-18
C496,F0377,42232,22,10,3,neutral,high,reminder,2026-06-11
C229,F0378,5449,9,12,2,negative,high,call,2026-05-10
C462,F0379,40272,20,10,3,positive,high,call,2026-05-31
C273,F0380,35394,26,5,3,neutral,high,statement,2026-05-19
C138,F0381,39692,19,15,1,neutral,medium,statement,2026-06-26
C267,F0382,35975,6,12,1,positive,low,statement,2026-05-30
C481,F0383,27635,18,16,1,negative,high,call,2026-05-22
C15,F0384,48368,6,5,3,neutral,medium,reminder,2026-06-28
C494,F0385,26409,2,12,3,negative,high,statement,2026-06-10
C130,F0386,35988,15,4,0,neutral,medium,reminder,2026-06-24
C44,F0387,18669,17,5,0,negative,medium,statement,2026-05-18
C448,F0388,11866,15,3,3,negative,high,call,2026-05-24
C40,F0389,11737,15,8,1,positive,medium,statement,2026-06-22
C305,F0390,26170,4,6,1,negative,high,call,2026-06-17
C347,F0391,36779,18,4,3,positive,medium,reminder,2026-06-21
C478,F0392,17469,26,2,1,positive,high,call,2026-05-03
C236,F0393,7257,22,5,1,neutral,high,reminder,2026-05-07
C310,F0394,6973,18,4,3,negative,high,reminder,2026-05-22
C474,F0395,26584,21,18,3,neutral,high,reminder,2026-05-04
C386,F0396,39810,4,10,3,positive,medium,statement,2026-05-13
C181,F0397,10509,19,10,2,negative,high,reminder,2026-06-21
C116,F0398,20843,10,18,1,positive,low,statement,2026-05-05
C125,F0399,11386,8,10,1,neutral,low,reminder,2026-05-02
C494,F0400,11455,15,5,2,neutral,high,statement,2026-05-27
C145,F0401,25569,4,12,1,positive,low,reminder,2026-05-02
C64,F0402,10011,15,15,0,neutral,medium,reminder,2026-06-16
C37,F0403,37096,28,7,2,neutral,high,reminder,2026-05-03
C10,F0404,34095,23,8,2,negative,high,call,2026-06-24
C192,F0405,7837,5,12,2,negative,high,call,2026-06-16
C183,F0406,21886,8,14,1,positive,low,reminder,2026-05-21
C224,F0407,38543,11,10,3,negative,high,call,2026-05-07
C355,F0408,45698,23,2,3,negative,high,call,2026-05-16
C307,F0409,27313,20,9,1,neutral,medium,statement,2026-05-13
C109,F0410,28455,3,16,1,positive,medium,statement,2026-05-28
C96,F0411,7913,21,19,3,neutral,high,call,2026-06-18
C203,F0412,5404,8,12,3,neutral,medium,statement,2026-05-07
C123,F0413,15887,1,17,0,neutral,low,statement,2026-05-25
C430,F0414,42785,20,9,1,neutral,medium,reminder,2026-06-12
C463,F0415,45533,18,10,1,neutral,medium,reminder,2026-06-03
C54,F0416,7838,25,18,1,positive,high,statement,2026-06-29
C357,F0417,49515,7,13,2,neutral,medium,statement,2026-06-06
C172,F0418,21442,29,11,0,neutral,high,reminder,2026-06-04
C137,F0419,21029,25,8,3,positive,high,call,2026-06-25
C269,F0420,5782,4,5,2,positive,medium,reminder,2026-05-04
C423,F0421,36006,11,12,3,neutral,high,call,2026-05-04
C256,F0422,47680,13,15,0,negative,high,call,2026-06-05
C458,F0423,12643,15,10,0,neutral,medium,call,2026-06-23
C384,F0424,8594,21,9,1,positive,medium,statement,2026-06-11
C213,F0425,14513,7,5,1,negative,medium,statement,2026-06-18
C111,F0426,22989,10,6,1,negative,medium,statement,2026-05-07
C341,F0427,49060,24,15,2,negative,high,call,2026-06-12
C21,F0428,33621,27,4,2,neutral,high,call,2026-05-07
C407,F0429,31999,22,20,0,positive,medium,reminder,2026-06-03
C289,F0430,32332,25,8,3,positive,high,statement,2026-06-01
C308,F0431,40447,25,6,1,negative,high,reminder,2026-05-09
C33,F0432,23617,16,8,2,neutral,high,call,2026-05-10
C132,F0433,28411,12,17,3,negative,high,reminder,2026-06-24
C441,F0434,33759,4,16,2,neutral,medium,reminder,2026-05-09
C152,F0435,21586,23,4,1,positive,high,reminder,2026-05-01
C56,F0436,17111,8,9,0,neutral,low,reminder,2026-05-24
C383,F0437,41637,29,8,1,negative,high,statement,2026-06-25
C407,F0438,47071,22,14,0,negative,high,reminder,2026-05-11
C352,F0439,19153,18,12,0,positive,low,call,2026-06-08
C346,F0440,10072,13,11,0,neutral,medium,call,2026-05-04
C395,F0441,17868,9,13,2,negative,medium,call,2026-05-07
C469,F0442,14934,3,3,2,positive,medium,reminder,2026-05-02
C137,F0443,31805,16,5,0,neutral,medium,call,2026-05-18
C94,F0444,34002,20,10,1,negative,high,call,2026-05-01
C209,F0445,14459,9,11,0,neutral,low,reminder,2026-05-27
C303,F0446,25769,29,3,1,positive,medium,reminder,2026-05-21
C95,F0447,10694,24,11,2,negative,high,call,2026-06-21
C63,F0448,42526,5,3,3,negative,high,call,2026-06-27
C401,F0449,41661,18,18,3,neutral,high,call,2026-05-06
C478,F0450,34078,24,8,0,negative,high,call,2026-06-09
C211,F0451,13724,24,8,0,negative,high,statement,2026-05-05
C294,F0452,25919,23,10,2,positive,high,statement,2026-05-11
C157,F0453,5627,13,16,2,negative,high,reminder,2026-06-08
C387,F0454,46172,17,17,3,neutral,high,reminder,2026-06-06
C325,F0455,10447,21,18,0,negative,high,call,2026-05-01
C181,F0456,18217,0,3,2,positive,medium,reminder,2026-06-25
C308,F0457,21833,24,8,2,positive,high,reminder,2026-05-11
C407,F0458,26392,20,18,3,positive,high,call,2026-06-01
C134,F0459,41398,5,2,1,negative,medium,call,2026-05-20
C492,F0460,43806,24,11,2,positive,high,call,2026-06-15
C429,F0461,24518,11,18,1,positive,medium,statement,2026-06-25
C205,F0462,15400,28,16,1,negative,high,call,2026-05-26
C498,F0463,17127,8,2,0,negative,medium,call,2026-05-14
C174,F0464,26637,6,17,2,neutral,medium,statement,2026-05-28
C471,F0465,26915,30,5,1,negative,high,reminder,2026-05-06
C500,F0466,41731,28,9,0,neutral,high,reminder,2026-05-22
C391,F0467,33006,5,6,1,positive,low,reminder,2026-05-18
C188,F0468,15760,8,4,1,positive,low,call,2026-06-12
C491,F0469,45546,18,7,1,positive,medium,reminder,2026-06-16
C69,F0470,19747,4,20,1,positive,medium,call,2026-06-16
C161,F0471,28925,0,12,3,positive,medium,reminder,2026-06-29
C319,F0472,32085,14,17,1,positive,medium,statement,2026-06-20
C325,F0473,21603,10,2,2,positive,medium,reminder,2026-06-09
C404,F0474,39906,14,5,0,neutral,medium,statement,2026-06-23
C386,F0475,12224,3,15,1,negative,medium,reminder,2026-06-02
C45,F0476,45292,27,16,0,positive,high,statement,2026-05-23
C28,F0477,21088,11,15,3,negative,high,reminder,2026-05-04
C460,F0478,29604,12,2,3,negative,high,reminder,2026-05-04
C297,F0479,13533,3,10,2,neutral,medium,call,2026-06-27
C228,F0480,5479,17,18,1,negative,high,statement,2026-06-16
C108,F0481,46504,9,20,0,neutral,low,statement,2026-06-06
C472,F0482,43635,12,9,0,positive,low,reminder,2026-06-22
C39,F0483,12036,14,3,1,positive,medium,statement,2026-06-29
C309,F0484,24005,26,9,1,neutral,high,statement,2026-05-09
C375,F0485,41248,10,7,3,negative,high,statement,2026-05-17
C240,F0486,6757,8,3,2,negative,medium,call,2026-06-20
C258,F0487,35553,20,5,2,neutral,medium,call,2026-06-21
C383,F0488,11012,22,19,3,positive,high,reminder,2026-05-29
C429,F0489,17168,25,15,3,negative,high,statement,2026-05-31
C176,F0490,13531,8,12,1,positive,low,statement,2026-05-17
C48,F0491,13735,7,8,0,positive,low,statement,2026-06-21
C48,F0492,35146,21,10,3,neutral,high,statement,2026-06-03
C329,F0493,5589,29,19,3,negative,high,call,2026-06-07
C238,F0494,39971,28,12,2,positive,high,reminder,2026-05-13
C15,F0495,48278,30,14,2,positive,high,statement,2026-05-31
C183,F0496,47556,19,2,0,neutral,medium,reminder,2026-05-05
C463,F0497,27153,12,14,0,negative,high,reminder,2026-05-12
C233,F0498,35293,24,5,1,neutral,high,statement,2026-05-29
C115,F0499,42568,26,9,0,positive,medium,reminder,2026-05-21
C496,F0500,32548,9,13,2,neutral,medium,call,2026-06-16
C188,F0501,27439,24,9,1,negative,high,call,2026-06-15
C409,F0502,30980,8,11,3,negative,high,call,2026-06-16
C151,F0503,20005,22,9,0,positive,medium,call,2026-05-19
C233,F0504,13859,12,7,0,neutral,medium,reminder,2026-05-14
C148,F0505,29822,30,2,1,negative,high,call,2026-06-28
C314,F0506,47141,21,16,2,negative,high,reminder,2026-05-26
C309,F0507,49597,30,2,2,negative,high,statement,2026-05-13
C421,F0508,42585,21,20,0,neutral,high,reminder,2026-06-11
C135,F0509,26378,20,6,3,neutral,high,call,2026-06-21
C127,F0510,14069,12,20,1,positive,medium,statement,2026-06-01
C284,F0511,19438,13,19,2,neutral,high,statement,2026-06-04
C62,F0512,38049,10,17,1,neutral,medium,reminder,2026-06-19
C212,F0513,20643,27,13,2,positive,high,call,2026-05-06
C212,F0514,47706,17,8,1,negative,high,statement,2026-05-24
C407,F0515,22008,27,11,2,negative,high,statement,2026-05-14
C52,F0516,8648,27,2,0,negative,high,call,2026-06-14
C301,F0517,47597,25,5,3,neutral,high,call,2026-05-08
C163,F0518,9596,17,2,0,positive,low,reminder,2026-05-29
C12,F0519,38495,4,9,0,positive,low,statement,2026-05-08
C206,F0520,24394,10,8,0,negative,medium,statement,2026-05-05
C192,F0521,22080,3,19,3,negative,high,call,2026-06-17
C42,F0522,46739,10,17,3,neutral,medium,statement,2026-06-30
C75,F0523,46304,17,2,0,negative,high,reminder,2026-05-19
C452,F0524,39298,15,18,3,neutral,high,reminder,2026-05-04
C467,F0525,10087,20,9,1,positive,medium,reminder,2026-05-19
C178,F0526,33334,17,9,1,positive,medium,statement,2026-05-11
C93,F0527,27240,1,20,3,positive,medium,statement,2026-06-20
C372,F0528,46830,20,11,2,positive,medium,statement,2026-06-22
C417,F0529,44912,16,20,1,neutral,medium,statement,2026-05-26
C178,F0530,35675,22,17,3,negative,high,call,2026-06-07
C93,F0531,20161,5,5,1,negative,medium,statement,2026-05-03
C191,F0532,47042,4,13,3,positive,medium,call,2026-05-13
C230,F0533,26546,18,7,2,negative,high,reminder,2026-06-28
C251,F0534,30758,30,6,0,negative,high,statement,2026-05-23
C294,F0535,22567,18,12,1,negative,high,reminder,2026-06-03
C152,F0536,11659,29,13,1,negative,high,statement,2026-05-14
C200,F0537,7362,4,13,0,positive,low,call,2026-06-29
C18,F0538,41355,14,20,3,positive,high,statement,2026-05-11
C459,F0539,38902,23,12,3,negative,high,statement,2026-06-14
C265,F0540,44061,27,4,0,positive,medium,call,2026-06-28
C4,F0541,31711,4,5,1,neutral,medium,statement,2026-06-22
C256,F0542,30899,12,17,1,positive,medium,reminder,2026-05-17
C178,F0543,24636,16,8,1,negative,high,call,2026-06-15
C78,F0544,38469,15,9,3,neutral,high,statement,2026-05-25
C303,F0545,31840,11,16,1,positive,medium,statement,2026-05-06
C400,F0546,46612,24,16,0,neutral,high,statement,2026-05-22
C136,F0547,38549,14,10,1,neutral,medium,call,2026-05-07
C271,F0548,49120,15,16,0,positive,medium,call,2026-05-02
C159,F0549,40496,0,12,3,neutral,medium,reminder,2026-06-23
C26,F0550,7706,5,7,3,neutral,medium,reminder,2026-05-01
C73,F0551,17446,20,9,3,negative,high,call,2026-05-30
C371,F0552,39805,29,3,3,positive,high,reminder,2026-06-27
C27,F0553,22065,21,16,3,neutral,high,reminder,2026-06-12
C462,F0554,25904,0,14,2,positive,medium,reminder,2026-05-29
C53,F0555,43409,25,14,3,positive,high,reminder,2026-06-20
C102,F0556,36664,23,20,0,negative,high,reminder,2026-05-15
C47,F0557,42369,14,5,0,negative,medium,statement,2026-05-21
C410,F0558,30829,10,2,1,negative,medium,call,2026-05-12
C365,F0559,27618,15,8,0,positive,low,statement,2026-05-01
C197,F0560,20900,4,7,2,neutral,medium,statement,2026-06-30
C233,F0561,49995,5,11,2,neutral,medium,call,2026-06-13
C93,F0562,38258,27,6,3,negative,high,statement,2026-06-12
C345,F0563,28880,2,4,0,neutral,low,statement,2026-06-20
C195,F0564,39183,3,19,2,negative,high,call,2026-06-23
C440,F0565,43664,20,6,0,negative,high,statement,2026-06-27
C384,F0566,29564,26,9,0,positive,high,reminder,2026-06-02
C50,F0567,49363,18,19,0,neutral,medium,statement,2026-05-09
C337,F0568,40288,27,8,2,negative,high,statement,2026-05-11
C196,F0569,45223,11,11,0,positive,medium,statement,2026-06-12
C391,F0570,17018,15,8,3,negative,high,call,2026-06-14
C339,F0571,32509,19,8,2,negative,high,statement,2026-06-17
C29,F0572,7200,0,7,3,negative,high,reminder,2026-06-29
C52,F0573,17046,0,14,3,positive,medium,call,2026-05-13
C35,F0574,28295,27,8,3,neutral,high,statement,2026-06-13
C123,F0575,20579,8,2,1,positive,low,reminder,2026-05-16
C26,F0576,27792,14,3,2,positive,high,statement,2026-06-21
C178,F0577,17467,16,7,1,positive,medium,reminder,2026-06-01
C463,F0578,49898,16,12,1,neutral,high,statement,2026-06-18
C467,F0579,32363,22,18,1,positive,high,call,2026-05-01
C129,F0580,42957,10,16,0,neutral,medium,reminder,2026-06-27
C373,F0581,40403,16,10,0,neutral,medium,call,2026-06-05
C383,F0582,27300,22,19,3,positive,high,statement,2026-06-20
C222,F0583,14569,10,16,2,negative,high,statement,2026-05-25
C424,F0584,46381,7,20,1,neutral,low,reminder,2026-05-10
C225,F0585,46700,23,15,2,positive,high,statement,2026-05-04
C43,F0586,18352,16,20,0,neutral,medium,statement,2026-05-27
C164,F0587,17405,19,9,3,positive,medium,call,2026-05-11
C268,F0588,39990,23,11,1,positive,high,statement,2026-06-23
C482,F0589,36104,20,3,0,positive,low,statement,2026-06-23
C485,F0590,39300,8,4,0,negative,medium,call,2026-06-16
C48,F0591,38338,22,18,2,positive,high,reminder,2026-06-03
C111,F0592,22086,9,11,0,negative,medium,reminder,2026-05-25
C412,F0593,21072,21,10,1,neutral,high,call,2026-06-06
C248,F0594,26780,1,20,2,neutral,medium,reminder,2026-05-23
C298,F0595,28156,23,14,1,positive,high,reminder,2026-05-17
C327,F0596,45353,15,20,1,neutral,high,call,2026-06-08
C330,F0597,34522,30,8,1,neutral,high,reminder,2026-06-10
C419,F0598,37523,29,16,1,negative,high,statement,2026-05-06
C360,F0599,15775,13,11,2,neutral,high,statement,2026-06-19
C287,F0600,49512,10,6,0,positive,low,call,2026-05-14
C131,F0601,29609,23,4,1,negative,high,reminder,2026-06-21
C154,F0602,44093,7,14,2,negative,high,reminder,2026-05-30
C435,F0603,48190,26,9,1,negative,high,call,2026-05-10
C48,F0604,37352,29,20,3,negative,high,reminder,2026-06-22
C261,F0605,16516,17,7,3,negative,high,call,2026-06-06
C72,F0606,35989,28,15,3,neutral,high,call,2026-05-09
C360,F0607,7886,19,18,1,neutral,medium,call,2026-05-30
C146,F0608,22332,19,6,1,neutral,high,statement,2026-06-14
C41,F0609,13273,20,5,2,neutral,high,call,2026-05-24
C186,F0610,40111,0,16,0,negative,medium,statement,2026-05-16
C52,F0611,32692,0,9,1,negative,medium,call,2026-06-01
C209,F0612,7484,13,16,1,positive,medium,statement,2026-06-19
C223,F0613,23856,29,16,3,positive,high,statement,2026-06-07
C122,F0614,43284,5,12,1,positive,low,call,2026-05-09
C462,F0615,6897,1,9,1,negative,high,statement,2026-06-06
C396,F0616,27166,27,8,3,neutral,high,statement,2026-06-19
C82,F0617,8690,22,6,0,neutral,high,reminder,2026-06-06
C138,F0618,42248,18,3,2,positive,medium,call,2026-06-08
C479,F0619,30410,22,6,0,neutral,high,call,2026-06-20
C455,F0620,27894,18,5,2,positive,high,reminder,2026-06-27
C334,F0621,34271,13,17,3,positive,medium,call,2026-05-27
C441,F0622,19856,6,4,1,negative,high,reminder,2026-05-04
C312,F0623,48356,25,13,0,negative,high,statement,2026-05-20
C27,F0624,6917,22,3,0,positive,medium,reminder,2026-06-17
C207,F0625,34436,25,12,1,negative,high,statement,2026-06-27
C363,F0626,10830,28,17,2,neutral,high,statement,2026-06-01
C328,F0627,25347,12,16,3,negative,high,statement,2026-05-23
C493,F0628,13746,16,19,0,negative,high,statement,2026-05-25
C471,F0629,28657,7,10,3,neutral,high,reminder,2026-06-11
C267,F0630,6159,15,6,2,negative,high,call,2026-06-14
C123,F0631,37254,21,16,3,negative,high,reminder,2026-05-14
C81,F0632,40290,8,2,0,negative,medium,reminder,2026-06-06
C170,F0633,23779,14,14,0,negative,high,statement,2026-05-17
C75,F0634,27762,7,19,0,negative,medium,reminder,2026-06-30
C407,F0635,33567,11,2,2,neutral,medium,statement,2026-06-29
C98,F0636,20165,18,19,3,neutral,high,statement,2026-05-22
C191,F0637,13250,28,4,3,negative,high,statement,2026-06-11
C266,F0638,48068,17,2,1,positive,medium,call,2026-05-09
C292,F0639,45462,15,3,2,positive,medium,call,2026-05-05
C224,F0640,23290,14,6,1,positive,medium,statement,2026-06-23
C353,F0641,32266,28,13,2,neutral,high,reminder,2026-06-10
C7,F0642,43753,20,11,0,positive,low,statement,2026-05-01
C267,F0643,23913,23,5,1,positive,high,call,2026-06-28
C132,F0644,35592,12,12,2,neutral,high,statement,2026-06-13
C407,F0645,32331,5,9,2,positive,medium,reminder,2026-06-23
C352,F0646,23275,23,20,2,neutral,high,statement,2026-06-18
C71,F0647,48628,24,2,2,positive,high,reminder,2026-06-16
C85,F0648,31384,28,2,3,negative,high,call,2026-06-19
C201,F0649,19120,20,9,2,positive,medium,call,2026-06-25
C88,F0650,40444,7,8,1,neutral,medium,call,2026-05-29
C373,F0651,6338,27,9,1,positive,high,statement,2026-06-15
C430,F0652,24353,21,5,3,neutral,high,call,2026-06-06
C306,F0653,37129,24,15,1,neutral,high,statement,2026-05-02
C248,F0654,37527,21,15,2,negative,high,call,2026-06-18
C429,F0655,6506,25,17,1,negative,high,statement,2026-05-27
C150,F0656,6920,7,18,3,positive,medium,reminder,2026-05-04
C403,F0657,25352,6,10,3,positive,medium,reminder,2026-05-16
C414,F0658,41650,12,14,2,positive,medium,reminder,2026-05-12
C297,F0659,28079,18,15,1,neutral,medium,call,2026-05-01
C169,F0660,9538,12,9,1,negative,high,reminder,2026-05-04
C12,F0661,34660,9,13,3,negative,high,statement,2026-05-20
C477,F0662,21573,25,2,0,neutral,medium,reminder,2026-05-20
C179,F0663,46156,11,5,2,negative,high,reminder,2026-06-27
C399,F0664,35236,22,16,0,positive,high,call,2026-05-24
C187,F0665,23717,11,16,3,negative,high,reminder,2026-06-12
C326,F0666,35747,25,3,3,neutral,high,call,2026-06-22
C9,F0667,18156,21,9,3,positive,high,statement,2026-06-30
C87,F0668,32331,16,10,0,neutral,medium,reminder,2026-06-26
C312,F0669,16383,30,13,0,neutral,high,call,2026-06-14
C180,F0670,35381,29,11,0,positive,medium,reminder,2026-05-13
C300,F0671,31993,22,8,1,positive,medium,statement,2026-05-17
C258,F0672,25412,7,11,2,positive,low,statement,2026-05-08
C124,F0673,31367,20,5,2,neutral,medium,statement,2026-06-15
C500,F0674,9310,24,6,0,negative,high,reminder,2026-06-13
C296,F0675,16538,18,4,2,positive,high,statement,2026-06-14
C84,F0676,46750,16,7,0,neutral,medium,statement,2026-05-06
C93,F0677,41746,29,2,3,positive,high,reminder,2026-06-25
C357,F0678,16724,27,12,3,negative,high,statement,2026-05-06
C50,F0679,11201,9,20,1,positive,medium,call,2026-06-13
C281,F0680,25080,21,17,1,positive,high,call,2026-05-29
C497,F0681,22843,19,6,3,positive,high,call,2026-05-02
C174,F0682,42943,3,15,1,neutral,medium,reminder,2026-06-09
C227,F0683,24862,15,20,0,positive,medium,reminder,2026-05-23
C411,F0684,6993,13,2,1,positive,medium,statement,2026-06-25
C433,F0685,7740,4,9,3,neutral,medium,reminder,2026-06-25
C439,F0686,47321,29,13,3,positive,high,call,2026-06-02
C471,F0687,11581,10,5,0,neutral,low,reminder,2026-05-25
C478,F0688,8697,26,8,1,neutral,high,call,2026-05-09
C476,F0689,40055,1,5,0,negative,medium,call,2026-05-19
C192,F0690,43341,14,6,3,neutral,high,reminder,2026-06-15
C289,F0691,46362,19,20,1,negative,high,call,2026-06-01
C496,F0692,22780,3,18,3,neutral,medium,statement,2026-05-19
C162,F0693,45082,13,20,2,positive,high,statement,2026-05-18
C246,F0694,28385,17,8,1,positive,medium,reminder,2026-06-06
C420,F0695,27974,20,12,3,positive,medium,call,2026-05-04
C493,F0696,37944,27,3,1,positive,medium,call,2026-05-16
C262,F0697,31338,26,11,2,positive,high,statement,2026-06-07
C385,F0698,31211,21,4,3,neutral,high,call,2026-06-18
C314,F0699,24256,4,17,1,negative,medium,statement,2026-06-15
C173,F0700,32049,6,11,3,neutral,medium,call,2026-05-03
C369,F0701,41734,15,5,0,positive,medium,statement,2026-05-17
C197,F0702,49389,25,9,3,positive,high,reminder,2026-06-05
C459,F0703,36593,30,16,2,neutral,high,call,2026-05-02
C95,F0704,6405,2,9,0,positive,low,statement,2026-05-23
C81,F0705,48291,21,6,0,negative,high,statement,2026-06-17
C271,F0706,41241,11,12,2,negative,high,reminder,2026-05-02
C173,F0707,14724,14,13,2,neutral,high,statement,2026-06-16
C347,F0708,41025,2,11,1,positive,medium,call,2026-06-11
C234,F0709,26379,8,20,1,negative,high,statement,2026-05-24
C419,F0710,29400,23,17,0,negative,high,reminder,2026-05-20
C272,F0711,24107,23,9,2,positive,high,reminder,2026-06-18
C319,F0712,16194,22,6,1,positive,high,reminder,2026-05-18
C461,F0713,18810,3,16,0,positive,low,statement,2026-05-16
C53,F0714,18313,22,19,2,neutral,high,reminder,2026-06-13
C80,F0715,15031,17,3,0,negative,high,statement,2026-05-17
C60,F0716,46034,13,9,2,neutral,high,reminder,2026-06-22
C296,F0717,26817,12,2,2,positive,medium,statement,2026-05-20
C199,F0718,12669,14,17,3,negative,high,statement,2026-06-03
C115,F0719,43707,23,10,0,positive,medium,reminder,2026-06-19
C110,F0720,43774,13,4,3,positive,high,reminder,2026-06-16
C63,F0721,42603,7,11,1,neutral,medium,reminder,2026-05-02
C305,F0722,39003,20,12,3,neutral,high,reminder,2026-06-30
C260,F0723,29862,23,15,3,neutral,high,statement,2026-06-02
C207,F0724,39114,29,15,1,positive,medium,call,2026-06-05
C362,F0725,44811,27,16,0,neutral,high,reminder,2026-05-31
C419,F0726,17980,25,13,0,neutral,high,statement,2026-05-29
C392,F0727,24990,0,3,1,neutral,medium,statement,2026-06-01
C370,F0728,33519,4,8,0,negative,medium,reminder,2026-05-22
C473,F0729,18712,27,16,1,negative,high,reminder,2026-05-09
C424,F0730,13788,19,12,0,negative,high,call,2026-05-31
C238,F0731,7262,25,8,0,neutral,high,call,2026-06-22
C17,F0732,40152,8,14,1,positive,medium,reminder,2026-05-10
C66,F0733,37247,17,17,2,neutral,medium,statement,2026-05-31
C90,F0734,6783,22,9,0,negative,high,reminder,2026-06-02
C51,F0735,18766,0,11,0,neutral,low,statement,2026-06-18
C51,F0736,22157,5,20,3,positive,medium,reminder,2026-05-19
C324,F0737,40017,17,9,1,positive,medium,reminder,2026-05-12
C39,F0738,6707,4,4,1,positive,low,call,2026-06-10
C260,F0739,6695,8,9,0,negative,medium,statement,2026-06-18
C325,F0740,29684,11,5,0,neutral,medium,call,2026-06-22
C161,F0741,44164,27,5,3,negative,high,call,2026-05-02
C381,F0742,9747,4,8,1,negative,high,call,2026-05-31
C488,F0743,34705,3,7,2,negative,high,reminder,2026-06-26
C51,F0744,18254,21,8,1,positive,medium,reminder,2026-06-13
C187,F0745,11964,15,2,0,neutral,medium,call,2026-05-08
C370,F0746,22623,27,8,1,positive,high,call,2026-06-23
C278,F0747,47242,7,6,1,negative,high,statement,2026-05-10
C473,F0748,39980,6,16,0,positive,low,reminder,2026-06-19
C385,F0749,25440,0,11,3,positive,medium,reminder,2026-06-11
C292,F0750,48452,13,18,0,neutral,medium,call,2026-05-23
C211,F0751,9299,21,14,3,negative,high,statement,2026-05-30
C83,F0752,48046,25,9,0,neutral,high,call,2026-06-18
C259,F0753,40307,2,15,2,positive,low,statement,2026-05-30
C336,F0754,16339,8,15,0,negative,medium,call,2026-05-02
C84,F0755,26223,27,5,2,negative,high,statement,2026-06-17
C487,F0756,40602,19,12,3,neutral,high,statement,2026-06-25
C351,F0757,15174,4,6,3,negative,high,statement,2026-05-25
C182,F0758,33402,6,20,2,neutral,medium,call,2026-06-18
C427,F0759,22743,18,12,2,neutral,high,call,2026-06-07
C79,F0760,30203,26,2,2,neutral,high,call,2026-06-26
C91,F0761,18337,21,10,0,positive,medium,reminder,2026-05-04
C60,F0762,9270,6,5,0,positive,low,reminder,2026-05-03
C393,F0763,39031,9,11,1,negative,medium,call,2026-06-18
C385,F0764,34814,22,9,1,neutral,high,reminder,2026-05-28
C456,F0765,10853,3,9,3,negative,high,call,2026-05-06
C129,F0766,10904,15,19,1,neutral,medium,reminder,2026-06-21
C398,F0767,18600,16,18,3,positive,high,reminder,2026-05-03
C265,F0768,28383,14,10,3,positive,high,statement,2026-06-07
C66,F0769,24252,23,8,1,negative,high,statement,2026-05-02
C98,F0770,27645,16,20,3,neutral,high,statement,2026-05-30
C181,F0771,33760,5,12,3,negative,high,statement,2026-06-11
C191,F0772,37858,0,12,3,positive,medium,call,2026-06-12
C147,F0773,39721,0,12,3,neutral,medium,reminder,2026-06-22
C283,F0774,41852,15,11,0,neutral,medium,call,2026-06-16
C106,F0775,42662,20,14,0,neutral,medium,statement,2026-05-21
C115,F0776,28197,30,10,3,positive,high,call,2026-06-30
C87,F0777,32271,10,2,3,neutral,high,call,2026-06-10
C298,F0778,48057,12,19,1,negative,high,statement,2026-05-31
C461,F0779,48260,29,6,2,negative,high,call,2026-06-25
C386,F0780,12432,22,7,3,positive,high,statement,2026-05-06
C266,F0781,8145,16,20,2,positive,medium,statement,2026-06-22
C157,F0782,10330,27,14,3,neutral,high,statement,2026-06-14
C498,F0783,5002,15,3,3,neutral,high,reminder,2026-05-13
C131,F0784,14324,14,16,0,neutral,medium,call,2026-06-06
C185,F0785,45873,27,9,3,neutral,high,call,2026-06-07
C496,F0786,25885,24,8,2,negative,high,reminder,2026-06-30
C247,F0787,16107,4,12,3,negative,high,statement,2026-05-10
C475,F0788,36411,9,16,1,negative,medium,statement,2026-05-19
C444,F0789,5307,9,2,1,neutral,medium,reminder,2026-05-25
C17,F0790,21327,27,4,0,negative,high,call,2026-05-15
C79,F0791,14677,22,4,1,positive,medium,call,2026-05-16
C385,F0792,44885,19,4,0,neutral,medium,call,2026-05-09
C300,F0793,20778,10,17,0,negative,medium,call,2026-05-18
C379,F0794,44786,29,19,1,neutral,high,reminder,2026-06-04
C25,F0795,27701,15,13,0,negative,medium,statement,2026-05-17
C472,F0796,11262,24,17,0,neutral,medium,reminder,2026-06-19
C5,F0797,11358,14,2,3,positive,high,statement,2026-05-11
C50,F0798,38287,22,9,0,positive,medium,reminder,2026-05-06
C416,F0799,35370,30,10,1,positive,medium,statement,2026-05-19
C107,F0800,11557,7,6,3,negative,high,statement,2026-06-23
C116,F0801,5678,10,4,1,negative,high,statement,2026-05-31
C368,F0802,41694,13,14,2,neutral,high,reminder,2026-05-06
C459,F0803,38321,13,20,0,positive,medium,call,2026-06-19
C361,F0804,46230,15,16,3,positive,medium,statement,2026-06-16
C145,F0805,48360,14,3,2,neutral,high,statement,2026-06-08
C28,F0806,35790,28,17,2,positive,high,statement,2026-05-03
C195,F0807,24849,8,12,2,positive,medium,reminder,2026-05-18
C115,F0808,5426,4,2,0,neutral,low,call,2026-05-27
C305,F0809,46144,11,11,3,negative,high,reminder,2026-05-25
C255,F0810,47303,4,19,2,positive,medium,statement,2026-06-02
C472,F0811,43205,29,4,3,positive,high,reminder,2026-06-29
C495,F0812,28677,26,7,3,negative,high,call,2026-05-10
C260,F0813,39674,4,17,1,negative,high,statement,2026-05-17
C7,F0814,45783,16,16,3,neutral,high,reminder,2026-06-08
C55,F0815,7129,5,4,1,positive,medium,reminder,2026-06-30
C29,F0816,23349,10,20,0,negative,medium,call,2026-05-27
C377,F0817,19047,11,8,2,negative,high,call,2026-06-02
C389,F0818,43118,8,10,2,neutral,medium,statement,2026-05-19
C96,F0819,28962,18,6,2,positive,high,reminder,2026-06-25
C454,F0820,43572,30,5,3,negative,high,call,2026-06-15
C146,F0821,24830,19,20,0,negative,high,call,2026-06-30
C277,F0822,8035,23,19,3,neutral,high,call,2026-05-11
C296,F0823,46597,17,15,3,positive,medium,statement,2026-05-28
C111,F0824,46909,11,7,1,neutral,high,statement,2026-05-13
C103,F0825,29426,27,14,1,neutral,high,call,2026-05-01
C373,F0826,10107,7,4,1,neutral,medium,reminder,2026-06-07
C49,F0827,19772,4,18,3,neutral,high,statement,2026-06-01
C390,F0828,24021,7,10,1,neutral,medium,statement,2026-05-01
C418,F0829,25879,27,7,2,neutral,high,reminder,2026-05-31
C50,F0830,43894,1,7,3,negative,high,reminder,2026-06-09
C291,F0831,37759,13,20,2,neutral,high,reminder,2026-05-05
C48,F0832,45302,9,18,3,neutral,high,statement,2026-06-19
C231,F0833,12611,26,9,3,negative,high,statement,2026-06-25
C137,F0834,5929,19,12,3,negative,high,call,2026-05-29
C321,F0835,24091,30,14,2,positive,high,call,2026-06-13
C361,F0836,44494,19,18,1,positive,medium,call,2026-06-20
C196,F0837,7965,27,8,0,negative,high,call,2026-06-17
C369,F0838,17284,14,19,0,negative,high,reminder,2026-05-24
C106,F0839,16396,7,20,2,neutral,medium,reminder,2026-06-11
C257,F0840,29146,6,18,2,negative,medium,call,2026-06-28
C2,F0841,15689,26,16,3,positive,high,reminder,2026-05-08
C460,F0842,10716,15,14,3,positive,high,call,2026-05-27
C242,F0843,7239,19,10,3,positive,high,reminder,2026-06-10
C156,F0844,38751,19,3,1,negative,high,statement,2026-05-06
C74,F0845,42101,21,19,1,negative,high,statement,2026-06-03
C217,F0846,9339,6,13,0,negative,medium,call,2026-06-27
C330,F0847,44809,24,4,2,neutral,high,statement,2026-06-26
C37,F0848,49849,20,4,3,neutral,high,statement,2026-05-22
C374,F0849,48048,24,18,1,positive,medium,reminder,2026-06-27
C173,F0850,25010,14,12,0,neutral,medium,call,2026-05-19
C402,F0851,15179,30,3,0,negative,high,call,2026-05-17
C191,F0852,19346,28,19,0,negative,high,call,2026-06-03
C162,F0853,42101,11,3,2,negative,high,statement,2026-06-13
C194,F0854,40594,14,11,0,positive,low,statement,2026-05-15
C326,F0855,7469,14,17,3,neutral,high,reminder,2026-06-16
C439,F0856,46486,19,7,1,negative,high,statement,2026-05-11
C113,F0857,47115,11,11,1,positive,medium,reminder,2026-06-05
C42,F0858,35732,17,19,0,neutral,medium,call,2026-06-14
C338,F0859,32172,17,7,3,negative,high,reminder,2026-05-19
C225,F0860,31854,9,16,2,positive,medium,call,2026-05-25
C118,F0861,16097,6,12,2,negative,medium,call,2026-05-15
C228,F0862,37867,21,14,0,neutral,medium,call,2026-05-24
C371,F0863,20739,13,16,0,neutral,medium,statement,2026-05-05
C29,F0864,15103,21,8,3,neutral,high,statement,2026-06-27
C166,F0865,26920,4,4,1,negative,medium,reminder,2026-06-18
C182,F0866,40575,20,17,2,negative,high,statement,2026-05-13
C15,F0867,37409,7,9,3,negative,high,call,2026-05-12
C484,F0868,43751,12,6,0,positive,medium,call,2026-06-18
C7,F0869,46606,29,9,3,negative,high,reminder,2026-05-20
C400,F0870,23846,25,13,0,negative,high,reminder,2026-06-17
C34,F0871,6887,6,20,0,positive,low,statement,2026-06-26
C466,F0872,38987,5,12,2,neutral,medium,call,2026-06-23
C473,F0873,15894,19,12,0,negative,high,statement,2026-06-06
C375,F0874,18528,27,13,0,neutral,medium,call,2026-05-31
C23,F0875,24872,22,12,0,neutral,high,reminder,2026-05-30
C166,F0876,6322,22,19,2,neutral,high,call,2026-06-18
C165,F0877,8404,22,19,2,positive,high,reminder,2026-06-15
C39,F0878,39442,28,2,2,neutral,high,statement,2026-06-15
C208,F0879,17757,23,20,1,positive,high,call,2026-05-01
C134,F0880,7585,26,14,2,negative,high,reminder,2026-05-08
C56,F0881,48340,6,6,2,positive,medium,statement,2026-05-31
C299,F0882,22335,17,8,1,negative,high,call,2026-05-05
C277,F0883,45656,10,2,1,negative,medium,call,2026-06-14
C322,F0884,22196,4,16,3,negative,high,call,2026-05-11
C395,F0885,35139,11,17,3,negative,high,reminder,2026-05-03
C380,F0886,14982,4,18,1,negative,medium,reminder,2026-05-30
C231,F0887,42597,7,6,0,negative,medium,reminder,2026-06-12
C37,F0888,36767,30,9,2,positive,high,statement,2026-06-06
C456,F0889,28939,3,17,2,neutral,medium,reminder,2026-05-19
C278,F0890,7987,8,8,3,neutral,medium,reminder,2026-06-24
C384,F0891,28473,2,9,0,neutral,low,call,2026-05-20
C58,F0892,38434,10,18,3,positive,medium,statement,2026-06-08
C205,F0893,20913,0,13,0,neutral,low,statement,2026-06-08
C65,F0894,18454,14,2,0,positive,medium,call,2026-06-06
C351,F0895,16344,21,6,0,neutral,medium,call,2026-06-23
C39,F0896,18999,19,19,1,neutral,medium,statement,2026-05-05
C476,F0897,23384,9,10,3,neutral,high,reminder,2026-06-07
C411,F0898,41483,24,2,2,neutral,high,call,2026-05-10
C173,F0899,29669,28,12,3,neutral,high,statement,2026-06-22
C14,F0900,49097,30,11,0,neutral,high,reminder,2026-06-20
C405,F0901,34743,25,15,1,neutral,high,call,2026-06-11
C115,F0902,31688,29,2,0,neutral,high,reminder,2026-05-03
C491,F0903,44947,19,2,0,neutral,medium,call,2026-05-31
C66,F0904,25614,22,15,0,negative,high,reminder,2026-05-11
C161,F0905,21929,15,4,2,negative,high,call,2026-06-09
C497,F0906,7776,20,16,3,neutral,high,reminder,2026-05-22
C104,F0907,31375,0,18,1,positive,low,reminder,2026-06-11
C214,F0908,10300,21,7,2,positive,high,statement,2026-05-16
C291,F0909,43877,30,11,2,negative,high,statement,2026-06-16
C365,F0910,26137,8,3,3,neutral,high,reminder,2026-06-23
C232,F0911,27600,7,15,2,positive,medium,reminder,2026-06-24
C438,F0912,41289,13,20,2,positive,medium,reminder,2026-05-16
C280,F0913,10237,15,20,0,neutral,medium,reminder,2026-06-04
C379,F0914,19631,9,18,1,negative,medium,reminder,2026-06-05
C140,F0915,46445,23,17,3,neutral,high,call,2026-06-07
C481,F0916,13160,30,10,1,positive,high,statement,2026-05-05
C424,F0917,27847,2,16,2,neutral,medium,reminder,2026-05-07
C370,F0918,24805,13,15,1,positive,medium,reminder,2026-05-05
C491,F0919,6103,9,8,3,negative,high,statement,2026-05-25
C19,F0920,44233,1,3,3,negative,high,call,2026-06-08
C480,F0921,33604,0,14,0,negative,medium,call,2026-05-24
C387,F0922,38857,23,17,2,negative,high,call,2026-06-14
C282,F0923,10961,3,20,0,negative,medium,call,2026-05-19
C24,F0924,14100,6,20,2,positive,low,call,2026-06-25
C281,F0925,32587,13,6,1,neutral,medium,statement,2026-06-25
C460,F0926,29340,16,18,0,neutral,medium,call,2026-06-03
C450,F0927,38959,18,5,2,neutral,medium,reminder,2026-05-05
C304,F0928,33739,13,11,3,neutral,high,statement,2026-05-18
C349,F0929,28216,14,8,1,neutral,high,call,2026-05-26
C314,F0930,27911,9,2,2,positive,medium,reminder,2026-06-26
C447,F0931,31552,26,6,1,neutral,high,statement,2026-05-30
C347,F0932,11482,2,19,2,neutral,medium,call,2026-05-05
C177,F0933,43910,17,2,1,negative,high,call,2026-05-23
C292,F0934,37729,21,6,0,negative,high,statement,2026-06-06
C207,F0935,34448,7,9,2,neutral,medium,statement,2026-05-18
C288,F0936,7101,30,8,3,neutral,high,reminder,2026-06-14
C222,F0937,25122,8,4,2,neutral,medium,statement,2026-05-09
C56,F0938,49495,25,15,1,negative,high,statement,2026-06-29
C222,F0939,19242,14,20,1,positive,medium,reminder,2026-06-12
C245,F0940,30418,13,3,0,positive,medium,call,2026-05-02
C281,F0941,18321,27,9,2,neutral,high,reminder,2026-06-11
C30,F0942,14452,24,11,1,negative,high,statement,2026-05-06
C495,F0943,48617,0,4,1,negative,high,statement,2026-06-04
C496,F0944,8270,5,11,1,negative,high,call,2026-05-22
C453,F0945,20883,10,14,2,neutral,medium,call,2026-06-17
C215,F0946,29600,7,18,2,positive,low,statement,2026-05-23
C238,F0947,36430,19,17,2,negative,high,statement,2026-06-15
C410,F0948,46936,27,15,2,positive,high,call,2026-05-21
C321,F0949,41195,7,5,1,positive,low,call,2026-06-20
C188,F0950,33407,27,20,0,neutral,medium,statement,2026-06-07
C297,F0951,5871,14,2,3,neutral,high,statement,2026-05-16
C465,F0952,38728,9,19,2,neutral,medium,statement,2026-06-17
C424,F0953,11756,2,3,2,negative,high,reminder,2026-05-12
C333,F0954,45116,27,9,1,neutral,high,reminder,2026-05-14
C177,F0955,35596,17,9,3,neutral,high,statement,2026-05-31
C96,F0956,11072,27,20,0,negative,high,call,2026-05-06
C358,F0957,23008,4,11,2,negative,high,statement,2026-06-19
C422,F0958,12485,25,8,3,neutral,high,statement,2026-06-24
C296,F0959,23702,23,8,3,negative,high,statement,2026-06-21
C361,F0960,10716,17,11,0,neutral,medium,statement,2026-06-22
C344,F0961,5592,21,18,3,neutral,high,statement,2026-05-25
C183,F0962,22628,13,15,0,neutral,medium,reminder,2026-05-24
C371,F0963,21548,0,10,2,negative,high,reminder,2026-06-17
C18,F0964,27526,9,20,1,negative,high,statement,2026-06-22
C127,F0965,44753,4,8,0,neutral,low,reminder,2026-05-01
C268,F0966,41825,24,15,1,neutral,high,call,2026-06-25
C146,F0967,26288,24,6,2,negative,high,call,2026-05-19
C87,F0968,5055,17,13,0,neutral,medium,call,2026-05-23
C306,F0969,43155,11,15,2,neutral,medium,reminder,2026-05-26
C127,F0970,29717,2,14,0,negative,medium,reminder,2026-06-19
C350,F0971,33772,20,2,3,neutral,high,reminder,2026-06-06
C251,F0972,13519,4,3,3,neutral,medium,statement,2026-06-09
C196,F0973,5305,17,4,1,positive,medium,statement,2026-06-14
C454,F0974,14780,0,8,3,positive,medium,statement,2026-06-19
C26,F0975,6099,30,14,0,negative,high,statement,2026-05-23
C355,F0976,29537,27,11,0,neutral,high,call,2026-05-06
C1,F0977,17945,19,2,2,neutral,medium,statement,2026-06-06
C400,F0978,37377,29,5,3,neutral,high,call,2026-05-02
C191,F0979,42908,21,6,2,positive,high,reminder,2026-05-06
C440,F0980,9779,0,16,2,negative,high,call,2026-06-19
C263,F0981,35371,25,10,2,neutral,high,statement,2026-05-31
C286,F0982,36908,17,3,3,neutral,high,reminder,2026-05-21
C122,F0983,20654,1,15,3,neutral,medium,call,2026-06-04
C345,F0984,20183,24,14,2,negative,high,statement,2026-05-02
C365,F0985,41911,14,8,2,neutral,high,reminder,2026-06-25
C390,F0986,10799,8,2,2,neutral,medium,call,2026-06-09
C338,F0987,30423,6,3,3,negative,high,reminder,2026-05-10
C346,F0988,7275,6,13,3,positive,medium,statement,2026-06-18
C83,F0989,14975,12,19,2,neutral,medium,call,2026-05-21
C91,F0990,6696,17,10,1,negative,high,call,2026-05-02
C225,F0991,46016,0,12,1,positive,low,statement,2026-05-06
C83,F0992,49539,18,18,2,negative,high,call,2026-06-16
C201,F0993,47251,3,5,2,negative,high,statement,2026-06-10
C227,F0994,26767,12,10,3,negative,high,statement,2026-05-30
C180,F0995,47067,2,4,2,positive,low,reminder,2026-06-01
C306,F0996,37758,2,20,0,negative,medium,statement,2026-05-16
C18,F0997,48484,9,19,0,negative,medium,statement,2026-05-14
C170,F0998,12402,28,20,0,positive,medium,statement,2026-05-16
C442,F0999,24937,6,5,1,positive,low,statement,2026-05-13
C497,F1000,28120,4,5,2,positive,low,statement,2026-05-07
C157,F1001,33121,18,3,2,negative,high,call,2026-06-04
C211,F1002,48959,2,11,1,neutral,low,reminder,2026-05-29
C16,F1003,35669,16,19,0,negative,high,statement,2026-06-30
C44,F1004,9763,29,3,1,positive,medium,reminder,2026-05-02
C280,F1005,24209,22,9,2,neutral,high,reminder,2026-06-22
C78,F1006,15256,1,9,2,positive,low,reminder,2026-06-14
C19,F1007,44109,16,11,2,neutral,high,call,2026-06-24
C39,F1008,44382,27,17,1,positive,high,statement,2026-05-07
C115,F1009,18945,29,5,0,neutral,high,reminder,2026-06-11
C290,F1010,25877,15,2,0,positive,medium,reminder,2026-05-24
C30,F1011,14302,1,2,3,neutral,medium,statement,2026-06-12
C23,F1012,28571,15,4,3,neutral,high,call,2026-05-05
C420,F1013,44911,20,20,3,negative,high,reminder,2026-06-01
C380,F1014,34198,11,18,1,positive,medium,statement,2026-05-26
C281,F1015,38484,23,19,1,neutral,high,statement,2026-05-21
C225,F1016,40135,24,6,0,positive,high,call,2026-06-13
C2,F1017,29792,16,7,1,positive,medium,reminder,2026-06-25
C144,F1018,6150,8,9,2,negative,high,reminder,2026-05-19
C470,F1019,12087,10,5,2,positive,medium,statement,2026-05-30
C276,F1020,28293,15,16,0,negative,medium,statement,2026-06-12
C427,F1021,34000,18,3,2,negative,high,statement,2026-05-21
C179,F1022,48332,18,16,1,negative,high,statement,2026-05-26
C443,F1023,29813,4,19,3,positive,medium,statement,2026-06-02
C255,F1024,23526,4,16,0,positive,low,call,2026-06-18
C387,F1025,42066,17,17,3,positive,high,reminder,2026-06-06
C293,F1026,36890,23,14,3,neutral,high,statement,2026-06-10
C34,F1027,20136,21,3,1,negative,high,call,2026-06-29
C241,F1028,27727,8,4,2,positive,medium,call,2026-06-08
C195,F1029,48312,22,3,1,negative,high,statement,2026-05-08
C419,F1030,24990,16,20,0,neutral,medium,statement,2026-05-16
C120,F1031,35615,7,5,0,positive,low,statement,2026-06-06
C93,F1032,38641,15,9,0,positive,medium,statement,2026-05-22
C220,F1033,26342,3,19,3,negative,high,call,2026-05-30
C189,F1034,27505,25,19,0,neutral,high,call,2026-06-13
C211,F1035,19133,23,5,3,neutral,high,call,2026-05-11
C277,F1036,33659,1,18,2,positive,low,statement,2026-06-26
C199,F1037,32824,23,5,1,negative,high,reminder,2026-05-27
C492,F1038,22771,24,2,2,positive,high,statement,2026-06-22
C15,F1039,5572,14,14,2,negative,high,call,2026-05-10
C19,F1040,49549,26,6,2,negative,high,reminder,2026-05-18
C282,F1041,46528,18,3,3,negative,high,call,2026-05-06
C313,F1042,43113,2,2,3,neutral,high,call,2026-06-06
C270,F1043,10597,3,8,2,positive,medium,call,2026-05-20
C83,F1044,15135,20,8,3,neutral,high,call,2026-06-03
C224,F1045,25047,17,12,1,negative,high,statement,2026-06-24
C425,F1046,46321,20,7,1,positive,medium,reminder,2026-06-21
C14,F1047,28706,22,4,1,negative,high,reminder,2026-06-26
C485,F1048,23777,7,20,1,neutral,medium,statement,2026-06-16
C396,F1049,38756,9,3,2,negative,high,call,2026-06-12
C61,F1050,20613,27,14,3,positive,high,statement,2026-05-26
C151,F1051,9825,8,10,1,positive,low,statement,2026-05-27
C254,F1052,10370,21,13,3,negative,high,reminder,2026-05-08
C437,F1053,5503,19,7,1,neutral,high,reminder,2026-06-06
C394,F1054,41830,6,8,3,negative,high,call,2026-05-14
C3,F1055,21942,10,20,1,neutral,medium,reminder,2026-05-05
C285,F1056,26728,17,7,3,neutral,high,reminder,2026-05-22
C57,F1057,20824,19,10,2,negative,high,call,2026-05-24
C258,F1058,16022,3,20,1,negative,medium,statement,2026-05-24
C278,F1059,16495,25,7,3,negative,high,statement,2026-05-12
C251,F1060,32712,2,4,2,positive,medium,reminder,2026-05-19
C402,F1061,8300,5,17,2,positive,low,call,2026-06-12
C153,F1062,29535,12,16,3,negative,high,reminder,2026-05-04
C281,F1063,14916,8,10,0,positive,low,statement,2026-06-01
C230,F1064,35189,12,3,3,neutral,high,call,2026-05-03
C142,F1065,34907,6,10,2,neutral,medium,statement,2026-06-04
C309,F1066,48238,18,19,0,positive,medium,call,2026-06-11
C214,F1067,15646,12,11,2,neutral,medium,call,2026-06-09
C430,F1068,17406,14,19,3,negative,high,statement,2026-05-12
C226,F1069,13627,18,9,1,positive,medium,statement,2026-05-09
C217,F1070,32492,27,4,0,negative,high,statement,2026-05-07
C346,F1071,49599,9,18,3,negative,high,statement,2026-05-18
C164,F1072,34177,30,20,2,positive,high,reminder,2026-06-08
C183,F1073,41954,4,12,0,negative,medium,call,2026-06-21
C312,F1074,16038,26,17,2,positive,high,reminder,2026-06-14
C461,F1075,5072,14,3,2,positive,high,statement,2026-06-02
C14,F1076,5851,9,6,2,positive,medium,call,2026-06-19
C388,F1077,45222,26,11,3,negative,high,statement,2026-06-12
C424,F1078,10136,27,11,1,neutral,high,statement,2026-05-05
C23,F1079,41714,27,10,3,negative,high,reminder,2026-05-31
C208,F1080,48405,0,2,3,negative,high,statement,2026-05-05
C188,F1081,29006,13,16,2,positive,high,statement,2026-05-10
C486,F1082,37733,16,10,0,negative,high,call,2026-05-03
C38,F1083,24679,12,3,3,neutral,high,statement,2026-05-02
C325,F1084,49097,9,17,0,negative,medium,statement,2026-05-17
C137,F1085,34781,16,11,2,positive,high,statement,2026-05-10
C343,F1086,34374,16,7,1,negative,high,reminder,2026-06-20
C239,F1087,13603,1,12,0,positive,low,statement,2026-05-31
C413,F1088,48161,20,12,1,neutral,medium,call,2026-05-18
C298,F1089,32890,5,6,0,neutral,low,reminder,2026-05-10
C407,F1090,33018,28,20,2,positive,high,call,2026-05-09
C171,F1091,21628,19,19,1,positive,medium,statement,2026-05-22
C231,F1092,19154,9,7,2,neutral,medium,reminder,2026-05-09
C39,F1093,40102,3,15,2,positive,medium,reminder,2026-05-31
C378,F1094,37478,23,8,1,positive,medium,reminder,2026-06-18
C374,F1095,9580,18,6,3,neutral,high,reminder,2026-05-12
C333,F1096,5106,8,19,0,positive,low,statement,2026-05-26
C495,F1097,32805,13,6,2,negative,high,call,2026-06-30
C331,F1098,46120,23,8,1,neutral,high,reminder,2026-06-15
C420,F1099,17512,30,5,0,neutral,medium,call,2026-05-08
C498,F1100,45554,23,19,2,positive,high,statement,2026-06-05
C323,F1101,14764,0,20,3,neutral,medium,reminder,2026-06-29
C305,F1102,19271,5,7,1,neutral,low,statement,2026-05-09
C81,F1103,42936,7,16,3,neutral,high,call,2026-05-10
C9,F1104,39051,25,2,0,neutral,high,statement,2026-06-28
C476,F1105,32505,29,5,2,negative,high,reminder,2026-06-02
C257,F1106,23932,16,8,3,negative,high,statement,2026-05-20
C208,F1107,39177,4,13,0,neutral,low,call,2026-06-11
C423,F1108,29262,9,3,0,negative,medium,call,2026-05-05
C270,F1109,7870,10,17,3,neutral,high,statement,2026-05-31
C14,F1110,49395,2,14,1,negative,medium,reminder,2026-05-25
C127,F1111,11451,12,7,0,neutral,medium,call,2026-06-28
C495,F1112,7473,5,20,1,neutral,medium,reminder,2026-05-29
C34,F1113,28116,1,7,0,negative,medium,statement,2026-06-01
C395,F1114,15850,27,13,3,negative,high,statement,2026-06-02
C483,F1115,23841,9,14,1,neutral,medium,reminder,2026-06-15
C427,F1116,28191,5,12,0,negative,medium,call,2026-05-28
C216,F1117,11863,20,20,1,positive,medium,call,2026-06-05
C337,F1118,7832,2,9,1,negative,high,statement,2026-05-24
C296,F1119,18510,26,20,1,positive,medium,call,2026-05-11
C83,F1120,38825,0,11,0,neutral,low,reminder,2026-06-09
C463,F1121,32636,16,12,1,positive,medium,call,2026-05-09
C329,F1122,27608,19,4,1,neutral,medium,reminder,2026-06-16
C440,F1123,26057,29,18,0,neutral,medium,statement,2026-05-04
C63,F1124,36367,12,16,0,negative,high,call,2026-05-04
C267,F1125,12881,16,15,0,negative,high,call,2026-05-10
C208,F1126,5986,7,10,2,positive,medium,statement,2026-06-17
C374,F1127,43374,19,12,2,negative,high,reminder,2026-06-11
C76,F1128,47740,5,16,2,positive,medium,statement,2026-06-04
C230,F1129,33940,12,5,3,negative,high,call,2026-06-09
C334,F1130,26178,13,10,0,positive,low,statement,2026-05-07
C48,F1131,45904,21,14,3,positive,high,call,2026-06-02
C137,F1132,44779,11,18,0,negative,medium,call,2026-06-02
C261,F1133,30721,16,19,1,positive,medium,reminder,2026-06-15
C93,F1134,31048,30,4,0,positive,medium,call,2026-06-26
C422,F1135,38196,23,11,0,neutral,high,call,2026-05-17
C79,F1136,9653,20,11,2,positive,medium,statement,2026-06-02
C235,F1137,14540,4,17,2,negative,high,reminder,2026-05-20
C457,F1138,7594,29,16,2,positive,high,call,2026-06-06
C277,F1139,26246,1,10,1,positive,medium,reminder,2026-06-18
C227,F1140,31093,23,14,0,neutral,medium,call,2026-05-20
C287,F1141,25567,5,3,3,positive,medium,call,2026-06-02
C211,F1142,14798,4,19,2,negative,high,reminder,2026-06-27
C66,F1143,33398,15,20,0,negative,high,reminder,2026-06-10
C89,F1144,46677,30,8,2,neutral,high,statement,2026-06-12
C404,F1145,16867,23,19,1,negative,high,statement,2026-06-22
C208,F1146,17592,3,4,2,neutral,medium,reminder,2026-05-07
C497,F1147,20629,1,13,2,neutral,medium,reminder,2026-05-07
C128,F1148,48509,15,20,0,negative,high,statement,2026-06-18
C245,F1149,26909,17,5,0,neutral,medium,call,2026-06-19
C122,F1150,18427,23,6,1,positive,medium,statement,2026-06-16
C210,F1151,41916,1,5,0,negative,medium,statement,2026-06-05
C243,F1152,29523,1,8,0,neutral,low,statement,2026-05-04
C250,F1153,23064,14,12,1,neutral,medium,statement,2026-05-27
C93,F1154,9948,7,20,3,neutral,medium,reminder,2026-06-27
C295,F1155,26490,13,13,0,negative,high,reminder,2026-05-29
C151,F1156,20342,14,6,3,negative,high,reminder,2026-06-13
C116,F1157,42891,7,2,1,positive,low,statement,2026-06-15
C28,F1158,47628,23,9,0,neutral,high,call,2026-05-02
C311,F1159,12314,16,17,2,negative,high,statement,2026-06-02
C78,F1160,5830,19,12,2,positive,medium,call,2026-05-03
C176,F1161,30161,11,3,2,negative,high,statement,2026-06-10
C143,F1162,48247,26,20,2,neutral,high,reminder,2026-05-24
C202,F1163,7430,27,2,0,negative,high,reminder,2026-05-01
C131,F1164,11260,8,17,2,positive,low,reminder,2026-05-03
C286,F1165,43917,15,8,2,negative,high,reminder,2026-05-18
C176,F1166,25427,14,10,0,positive,low,call,2026-06-11
C420,F1167,22318,21,10,0,neutral,high,reminder,2026-06-26
C81,F1168,28095,21,14,3,positive,high,call,2026-06-20
C209,F1169,12746,22,18,1,positive,high,call,2026-05-16
C32,F1170,10008,23,15,1,neutral,high,statement,2026-06-18
C152,F1171,22679,24,13,1,negative,high,statement,2026-05-14
C432,F1172,12282,11,13,2,negative,high,reminder,2026-06-04
C276,F1173,18761,29,13,0,negative,high,statement,2026-06-28
C341,F1174,31052,17,7,0,positive,low,call,2026-05-04
C255,F1175,34017,12,10,0,positive,medium,reminder,2026-06-11
C489,F1176,43416,10,12,0,negative,medium,statement,2026-05-17
C24,F1177,45892,5,15,3,positive,medium,statement,2026-06-03
C385,F1178,15421,11,7,1,positive,medium,statement,2026-06-28
C356,F1179,12732,30,10,0,negative,high,call,2026-06-26
C257,F1180,35573,27,2,1,neutral,high,reminder,2026-05-08
C382,F1181,13554,10,4,3,neutral,medium,reminder,2026-05-19
C308,F1182,9600,25,8,0,neutral,high,call,2026-05-01
C210,F1183,35267,5,6,0,positive,low,call,2026-05-06
C32,F1184,22040,9,14,3,negative,high,call,2026-05-08
C399,F1185,47908,25,6,1,neutral,high,reminder,2026-06-27
C358,F1186,19831,15,20,2,neutral,high,call,2026-05-19
C351,F1187,37576,3,13,2,negative,medium,statement,2026-05-22
C59,F1188,29517,4,19,0,negative,medium,call,2026-06-07
C49,F1189,49643,1,18,3,positive,medium,reminder,2026-06-25
C171,F1190,38158,24,15,0,positive,high,statement,2026-05-05
C340,F1191,37483,17,18,1,positive,medium,reminder,2026-05-21
C268,F1192,23349,8,10,0,positive,low,statement,2026-05-17
C131,F1193,12614,22,4,2,positive,high,call,2026-06-30
C96,F1194,34223,25,17,2,neutral,high,call,2026-05-19
C215,F1195,7147,22,13,0,positive,medium,statement,2026-06-11
C478,F1196,38599,14,5,0,neutral,medium,reminder,2026-06-10
C81,F1197,47311,4,10,3,positive,medium,statement,2026-06-03
C471,F1198,23328,4,13,1,neutral,medium,statement,2026-05-31
C440,F1199,48554,21,17,3,negative,high,call,2026-05-18
C451,F1200,19082,12,9,2,negative,high,reminder,2026-06-03
C9,F1201,17372,28,4,0,positive,medium,statement,2026-06-13
C335,F1202,34001,8,3,3,positive,medium,statement,2026-05-26
C229,F1203,39097,28,14,2,negative,high,call,2026-05-11
C89,F1204,13444,10,2,1,neutral,medium,statement,2026-05-07
C281,F1205,36594,29,9,3,neutral,high,statement,2026-05-05
C174,F1206,20720,2,17,3,negative,high,call,2026-06-02
C175,F1207,14084,15,17,3,positive,high,call,2026-05-09
C368,F1208,24109,13,18,2,negative,high,statement,2026-05-05
C361,F1209,10695,13,7,1,neutral,medium,statement,2026-05-08
C464,F1210,22949,0,14,3,negative,high,reminder,2026-05-08
C248,F1211,36098,20,13,2,neutral,medium,reminder,2026-05-16
C142,F1212,46871,13,3,1,negative,high,reminder,2026-06-09
C444,F1213,43441,27,19,3,neutral,high,reminder,2026-05-06
C297,F1214,10161,6,20,2,neutral,medium,reminder,2026-06-17
C245,F1215,9875,1,9,2,positive,medium,statement,2026-06-21
C85,F1216,46063,2,2,1,negative,medium,reminder,2026-06-20
C409,F1217,30446,19,3,2,positive,medium,statement,2026-05-03
C157,F1218,7684,11,8,0,positive,low,statement,2026-05-28
C295,F1219,10684,16,4,3,negative,high,statement,2026-05-03
C208,F1220,10433,16,3,2,negative,high,call,2026-05-19
C1,F1221,7370,14,10,1,negative,high,reminder,2026-06-30
C77,F1222,32770,19,12,1,positive,medium,statement,2026-06-28
C312,F1223,32601,25,13,1,negative,high,reminder,2026-05-31
C172,F1224,47029,3,9,3,positive,medium,reminder,2026-05-19
C333,F1225,37375,24,3,0,negative,high,call,2026-05-20
C441,F1226,9187,23,14,2,negative,high,call,2026-05-01
C186,F1227,42056,6,9,0,negative,medium,call,2026-06-05
C228,F1228,30185,22,17,0,negative,high,reminder,2026-06-15
C261,F1229,18619,18,15,2,neutral,medium,call,2026-05-29
C125,F1230,34407,3,2,0,negative,medium,statement,2026-05-28
C145,F1231,48752,30,10,1,neutral,high,statement,2026-06-25
C327,F1232,29200,5,17,2,negative,high,call,2026-06-15
C12,F1233,22618,11,2,2,neutral,high,reminder,2026-06-20
C319,F1234,40000,19,10,2,negative,high,call,2026-06-25
C17,F1235,6013,14,5,2,negative,high,reminder,2026-05-03
C375,F1236,47431,7,3,1,negative,medium,statement,2026-05-18
C205,F1237,36801,9,3,2,negative,high,call,2026-06-16
C365,F1238,12704,26,11,0,negative,high,call,2026-06-23
C101,F1239,38745,12,20,3,neutral,high,statement,2026-05-30
C340,F1240,22244,4,2,3,negative,high,reminder,2026-05-14
C2,F1241,40757,9,8,2,neutral,medium,reminder,2026-05-21
C75,F1242,30159,14,13,0,neutral,medium,call,2026-06-16
C475,F1243,29614,18,2,1,positive,medium,reminder,2026-06-18
C456,F1244,35754,6,11,2,neutral,medium,statement,2026-06-23
C148,F1245,7497,6,3,0,negative,medium,statement,2026-05-27
C397,F1246,32333,1,11,2,positive,medium,call,2026-06-26
C37,F1247,21887,22,8,1,positive,high,reminder,2026-05-17
C389,F1248,27446,24,11,2,negative,high,reminder,2026-05-23
C52,F1249,6779,29,3,0,negative,high,statement,2026-05-01
C84,F1250,32700,27,12,1,neutral,high,reminder,2026-05-08
C354,F1251,5673,11,16,3,negative,high,reminder,2026-05-04
C203,F1252,29655,0,8,3,neutral,high,call,2026-06-08
C371,F1253,14694,26,7,2,neutral,high,call,2026-06-01
C449,F1254,45120,18,8,3,positive,medium,call,2026-06-09
C367,F1255,8881,25,20,3,negative,high,call,2026-06-20
C266,F1256,8046,11,17,1,negative,high,call,2026-06-11
C446,F1257,30645,3,18,2,neutral,medium,reminder,2026-05-30
C36,F1258,5296,26,19,0,neutral,medium,call,2026-05-29
C473,F1259,33847,22,19,3,negative,high,reminder,2026-06-24
C317,F1260,7351,16,4,3,neutral,high,call,2026-05-17
C339,F1261,41788,30,15,1,positive,medium,call,2026-06-17
C406,F1262,45097,21,18,0,positive,high,call,2026-06-16
C233,F1263,18278,23,3,2,positive,high,call,2026-05-25
C104,F1264,18459,16,11,2,neutral,high,call,2026-06-30
C234,F1265,48576,0,10,0,neutral,low,call,2026-05-05
C418,F1266,33657,16,2,1,neutral,medium,reminder,2026-06-27
C428,F1267,47025,0,4,2,positive,medium,statement,2026-05-05
C339,F1268,39849,6,12,0,negative,medium,statement,2026-06-07
C7,F1269,33919,15,14,0,neutral,medium,reminder,2026-06-05
C446,F1270,10765,16,14,0,positive,medium,call,2026-05-29
C432,F1271,33481,13,11,2,neutral,medium,reminder,2026-06-23
C155,F1272,34041,9,6,2,neutral,medium,statement,2026-06-10
C1,F1273,42482,7,18,3,neutral,medium,reminder,2026-05-25
C466,F1274,49948,21,4,1,positive,high,statement,2026-06-30
C294,F1275,14721,19,16,0,negative,high,call,2026-05-12
C258,F1276,34904,7,3,3,positive,medium,reminder,2026-06-22
C327,F1277,19956,28,15,0,negative,high,call,2026-05-14
C226,F1278,45255,20,16,1,neutral,high,statement,2026-05-18
C118,F1279,30133,29,18,2,positive,high,reminder,2026-06-30
C421,F1280,31823,15,2,2,neutral,medium,reminder,2026-05-13
C494,F1281,41462,13,18,0,neutral,medium,call,2026-05-31
C236,F1282,20984,9,14,3,negative,high,call,2026-06-06
C289,F1283,7196,21,6,2,negative,high,statement,2026-05-17
C190,F1284,16365,22,12,0,neutral,high,call,2026-06-06
C148,F1285,33144,20,4,3,positive,medium,reminder,2026-05-01
C484,F1286,46969,7,2,3,negative,high,statement,2026-05-23
C31,F1287,27109,21,13,1,negative,high,call,2026-06-24
C472,F1288,37349,1,11,2,neutral,medium,call,2026-05-15
C21,F1289,28650,12,2,1,negative,high,call,2026-06-18
C488,F1290,27527,5,7,1,neutral,low,statement,2026-06-26
C1,F1291,38694,28,20,2,negative,high,reminder,2026-05-13
C2,F1292,40074,21,10,0,neutral,medium,reminder,2026-06-22
C15,F1293,28332,2,13,0,positive,low,reminder,2026-05-22
C398,F1294,48437,11,18,1,negative,high,statement,2026-06-30
C446,F1295,17409,15,5,2,negative,high,reminder,2026-05-24
C300,F1296,44032,11,11,2,neutral,medium,statement,2026-05-10
C180,F1297,39310,19,10,3,neutral,high,call,2026-06-23
C303,F1298,43920,9,12,1,negative,medium,call,2026-06-22
C116,F1299,11243,5,20,3,negative,high,call,2026-05-25
C284,F1300,26971,19,5,2,negative,high,reminder,2026-06-16
C424,F1301,47708,29,10,1,negative,high,statement,2026-06-05
C118,F1302,18654,1,10,0,positive,low,call,2026-06-22
C138,F1303,49047,1,14,2,neutral,medium,call,2026-06-04
C263,F1304,25489,17,6,2,neutral,high,call,2026-06-21
C89,F1305,46343,18,20,1,positive,medium,reminder,2026-05-25
C418,F1306,18061,9,16,1,negative,medium,statement,2026-06-10
C175,F1307,32363,17,19,0,positive,medium,statement,2026-05-25
C393,F1308,31817,7,3,2,positive,medium,reminder,2026-05-29
C77,F1309,14975,28,2,1,positive,high,reminder,2026-05-19
C408,F1310,22975,8,7,3,negative,high,statement,2026-06-06
C291,F1311,29866,26,3,2,positive,high,statement,2026-05-10
C112,F1312,14518,7,4,1,negative,high,call,2026-05-30
C300,F1313,6306,8,18,0,negative,medium,call,2026-05-06
C117,F1314,47688,5,12,2,neutral,medium,reminder,2026-05-23
C77,F1315,34262,28,13,0,positive,medium,reminder,2026-05-10
C136,F1316,12162,7,15,2,neutral,medium,statement,2026-05-11
C402,F1317,39629,28,18,0,negative,high,statement,2026-06-02
C33,F1318,19644,0,19,2,positive,medium,reminder,2026-06-29
C495,F1319,20599,17,2,0,negative,high,reminder,2026-05-13
C446,F1320,45664,25,15,1,neutral,high,call,2026-06-08
C7,F1321,32575,15,4,3,negative,high,call,2026-06-23
C104,F1322,5716,3,20,0,neutral,low,statement,2026-05-10
C104,F1323,7679,18,6,1,positive,medium,reminder,2026-05-02
C139,F1324,35895,27,14,1,negative,high,reminder,2026-05-31
C500,F1325,30035,8,6,3,neutral,high,call,2026-05-04
C474,F1326,28938,27,18,1,negative,high,call,2026-05-31
C46,F1327,26818,7,9,1,positive,low,call,2026-05-17
C93,F1328,47906,5,6,0,negative,medium,statement,2026-06-27
C241,F1329,39988,20,19,1,negative,high,call,2026-05-01
C372,F1330,19222,1,11,2,positive,medium,call,2026-05-11
C224,F1331,20197,22,19,1,negative,high,call,2026-06-19
C73,F1332,41328,1,6,2,negative,medium,reminder,2026-06-02
C200,F1333,15290,17,8,3,negative,high,call,2026-06-17
C360,F1334,30265,22,8,2,positive,high,reminder,2026-05-11
C367,F1335,10322,13,18,2,neutral,high,statement,2026-06-29
C478,F1336,27113,11,18,3,neutral,high,call,2026-06-27
C57,F1337,13907,6,3,0,positive,low,reminder,2026-05-12
C325,F1338,21199,10,12,3,neutral,high,reminder,2026-06-15
C10,F1339,43218,10,3,2,negative,medium,statement,2026-05-01
C407,F1340,42695,25,12,3,positive,high,statement,2026-06-04
C321,F1341,34994,17,16,1,negative,high,statement,2026-05-15
C115,F1342,5743,3,6,2,positive,low,reminder,2026-05-14
C172,F1343,15543,6,14,3,positive,medium,statement,2026-06-26
C139,F1344,29960,15,7,2,negative,high,statement,2026-06-15
C134,F1345,24201,24,2,2,negative,high,call,2026-06-24
C405,F1346,10582,3,8,3,negative,high,call,2026-06-29
C457,F1347,44979,19,6,2,negative,high,statement,2026-05-01
C194,F1348,33760,24,11,2,negative,high,statement,2026-06-07
C317,F1349,37108,5,12,2,positive,medium,statement,2026-05-03
C16,F1350,44055,7,13,3,positive,medium,reminder,2026-05-27
C56,F1351,20294,0,3,1,positive,low,statement,2026-06-14
C323,F1352,23269,0,17,1,neutral,low,call,2026-05-13
C464,F1353,12169,20,16,2,positive,medium,call,2026-06-09
C183,F1354,33333,12,5,0,positive,medium,call,2026-06-06
C41,F1355,33530,10,13,1,neutral,medium,call,2026-06-24
C271,F1356,34095,21,13,2,positive,high,call,2026-06-15
C135,F1357,12074,16,11,0,positive,medium,reminder,2026-06-09
C161,F1358,23214,10,11,1,positive,low,reminder,2026-06-22
C449,F1359,43336,24,12,1,negative,high,reminder,2026-06-30
C311,F1360,21529,22,11,2,neutral,high,reminder,2026-06-21
C368,F1361,26078,9,2,3,positive,medium,statement,2026-06-25
C144,F1362,13786,19,10,2,neutral,high,call,2026-06-30
C66,F1363,22187,26,2,3,neutral,high,call,2026-06-15
C392,F1364,11390,30,12,0,negative,high,call,2026-05-06
C391,F1365,48614,21,18,1,positive,high,reminder,2026-06-21
C257,F1366,7858,23,9,2,positive,high,reminder,2026-06-16
C162,F1367,29316,27,8,1,positive,high,statement,2026-05-16
C288,F1368,10656,18,17,1,negative,high,call,2026-05-09
C338,F1369,10079,30,13,2,neutral,high,statement,2026-06-22
C23,F1370,5889,6,6,0,negative,medium,reminder,2026-05-18
C406,F1371,33152,11,15,3,positive,medium,statement,2026-05-05
C371,F1372,36899,0,3,3,neutral,medium,statement,2026-05-12
C182,F1373,20823,22,6,1,negative,high,call,2026-05-17
C214,F1374,7107,2,5,0,neutral,low,call,2026-06-24
C4,F1375,48848,19,4,3,positive,high,reminder,2026-06-20
C134,F1376,38473,7,3,2,neutral,medium,call,2026-05-01
C341,F1377,6350,0,8,3,positive,medium,statement,2026-06-17
C50,F1378,5627,7,14,2,positive,medium,call,2026-05-07
C172,F1379,23085,6,14,0,positive,low,statement,2026-06-17
C216,F1380,22269,12,10,0,neutral,medium,reminder,2026-06-22
C424,F1381,11015,7,6,3,negative,high,statement,2026-06-07
C492,F1382,43770,22,5,2,positive,high,call,2026-06-03
C440,F1383,8994,8,14,0,negative,medium,reminder,2026-06-30
C201,F1384,15691,22,3,3,positive,high,call,2026-06-07
C27,F1385,44954,26,12,3,neutral,high,call,2026-05-22
C60,F1386,30960,0,3,3,negative,high,call,2026-05-23
C303,F1387,15567,5,5,3,positive,medium,call,2026-05-20
C448,F1388,25474,12,15,1,positive,medium,reminder,2026-05-08
C347,F1389,40295,25,18,0,negative,high,statement,2026-05-24
C23,F1390,29840,29,6,3,neutral,high,statement,2026-06-01
C279,F1391,18820,19,19,0,positive,medium,reminder,2026-06-03
C218,F1392,25934,16,17,1,neutral,medium,statement,2026-05-11
C436,F1393,40940,27,20,0,neutral,high,call,2026-06-12
C413,F1394,8891,22,7,1,negative,high,reminder,2026-05-05
C276,F1395,39699,26,5,2,negative,high,statement,2026-05-23
C315,F1396,26855,16,3,3,neutral,high,statement,2026-05-17
C15,F1397,7275,2,7,0,negative,medium,reminder,2026-05-21
C76,F1398,19031,18,17,3,positive,high,reminder,2026-06-29
C205,F1399,19402,11,17,2,positive,high,reminder,2026-05-30
C30,F1400,47770,8,14,1,neutral,medium,call,2026-06-26
C13,F1401,31922,20,12,3,neutral,high,reminder,2026-06-03
C12,F1402,27421,29,14,2,positive,high,reminder,2026-06-19
C168,F1403,27929,13,6,2,negative,high,call,2026-05-29
C424,F1404,5599,27,16,3,neutral,high,statement,2026-05-26
C139,F1405,23304,12,13,1,negative,high,reminder,2026-05-20
C4,F1406,16953,6,4,3,negative,high,call,2026-05-23
C238,F1407,27406,12,2,0,neutral,medium,statement,2026-06-27
C331,F1408,37627,0,10,2,neutral,medium,reminder,2026-05-23
C98,F1409,29813,2,4,1,negative,medium,statement,2026-06-23
C267,F1410,41164,17,8,0,negative,high,reminder,2026-06-18
C162,F1411,11501,28,15,3,positive,high,statement,2026-05-26
C459,F1412,37571,21,9,2,negative,high,call,2026-05-27
C417,F1413,31383,13,14,2,negative,high,statement,2026-05-03
C59,F1414,18230,10,12,2,positive,medium,call,2026-05-08
C36,F1415,8698,15,8,1,negative,high,call,2026-05-19
C45,F1416,16004,23,20,2,negative,high,call,2026-06-14
C7,F1417,30260,7,13,0,positive,low,statement,2026-05-05
C482,F1418,44899,26,3,1,positive,medium,call,2026-05-30
C184,F1419,48850,3,4,2,neutral,medium,reminder,2026-06-28
C34,F1420,34970,6,11,0,negative,medium,call,2026-05-11
C471,F1421,37771,16,5,3,neutral,high,statement,2026-05-21
C199,F1422,22534,4,19,2,neutral,medium,statement,2026-06-20
C487,F1423,23771,18,11,2,neutral,high,statement,2026-06-21
C41,F1424,16974,20,12,1,positive,medium,call,2026-06-20
C418,F1425,36350,8,6,2,positive,medium,reminder,2026-05-01
C307,F1426,28125,22,11,2,negative,high,statement,2026-06-28
C238,F1427,12166,9,4,3,positive,medium,statement,2026-05-15
C75,F1428,47116,14,14,1,positive,medium,statement,2026-06-21
C335,F1429,45402,13,4,3,positive,medium,statement,2026-05-16
C86,F1430,7813,7,5,3,negative,high,call,2026-05-14
C498,F1431,30623,5,10,2,positive,medium,call,2026-05-13
C166,F1432,12156,10,7,3,neutral,medium,statement,2026-05-25
C212,F1433,16944,30,14,3,negative,high,call,2026-06-15
C122,F1434,42165,11,20,2,neutral,high,statement,2026-06-13
C380,F1435,26289,27,13,1,negative,high,call,2026-06-06
C264,F1436,32863,23,16,2,negative,high,call,2026-06-18
C310,F1437,25404,20,19,2,negative,high,reminder,2026-06-09
C38,F1438,8921,24,10,0,neutral,medium,call,2026-05-05
C93,F1439,34042,25,19,3,neutral,high,reminder,2026-06-09
C111,F1440,11498,30,11,0,positive,high,statement,2026-05-08
C199,F1441,46313,19,9,0,positive,low,statement,2026-05-13
C6,F1442,37432,28,14,2,positive,high,call,2026-06-07
C287,F1443,30853,24,18,3,positive,high,statement,2026-06-07
C301,F1444,23765,23,3,1,negative,high,reminder,2026-05-31
C33,F1445,30001,4,13,1,neutral,medium,reminder,2026-06-29
C167,F1446,13293,14,9,3,neutral,high,reminder,2026-05-28
C404,F1447,30249,29,3,3,neutral,high,statement,2026-05-15
C318,F1448,36853,15,10,0,neutral,medium,call,2026-06-15
C139,F1449,8960,30,8,0,positive,high,reminder,2026-05-15
C496,F1450,47528,3,10,3,neutral,medium,reminder,2026-06-24
C256,F1451,43424,26,6,1,negative,high,statement,2026-06-22
C431,F1452,42950,28,6,3,negative,high,statement,2026-05-10
C464,F1453,8981,0,20,0,positive,low,reminder,2026-06-21
C259,F1454,5754,1,6,2,neutral,medium,call,2026-06-08
C435,F1455,38025,26,18,1,neutral,high,statement,2026-05-20
C482,F1456,5520,22,5,1,negative,high,call,2026-05-17
C217,F1457,9920,22,14,3,negative,high,call,2026-06-01
C235,F1458,39285,27,9,3,negative,high,statement,2026-06-13
C6,F1459,21459,22,20,1,negative,high,call,2026-05-05
C158,F1460,44140,30,9,3,negative,high,reminder,2026-05-16
C387,F1461,12025,29,16,1,neutral,high,call,2026-06-01
C27,F1462,42703,0,6,2,positive,medium,statement,2026-06-17
C430,F1463,40728,30,7,0,positive,medium,call,2026-05-01
C320,F1464,22009,16,13,2,neutral,high,reminder,2026-06-02
C39,F1465,18122,29,17,1,negative,high,statement,2026-06-15
C442,F1466,6285,9,2,2,neutral,medium,call,2026-05-29
C422,F1467,23688,6,11,3,negative,high,statement,2026-05-18
C349,F1468,43763,27,16,0,negative,high,call,2026-05-01
C90,F1469,10394,21,2,3,negative,high,call,2026-06-25
C90,F1470,12067,15,9,1,positive,medium,reminder,2026-05-11
C361,F1471,28107,27,11,0,negative,high,call,2026-06-30
C111,F1472,7730,10,18,2,positive,low,reminder,2026-06-14
C16,F1473,44532,6,13,3,neutral,medium,call,2026-06-17
C64,F1474,36215,9,12,3,neutral,high,reminder,2026-06-12
C42,F1475,46716,18,11,1,neutral,high,call,2026-06-10
C147,F1476,18391,13,2,0,negative,medium,statement,2026-05-01
C292,F1477,12637,23,6,3,neutral,high,statement,2026-05-22
C115,F1478,34695,30,19,3,neutral,high,call,2026-05-26
C211,F1479,18719,16,4,2,negative,high,statement,2026-06-17
C215,F1480,22676,22,18,0,positive,medium,statement,2026-06-16
C30,F1481,24737,1,16,2,negative,medium,reminder,2026-06-02
C264,F1482,34710,0,5,3,neutral,medium,call,2026-05-10
C405,F1483,9152,23,6,1,negative,high,call,2026-05-15
C169,F1484,47587,5,3,3,neutral,high,call,2026-05-08
C51,F1485,10976,10,17,1,positive,medium,statement,2026-05-11
C393,F1486,37759,23,3,3,positive,high,statement,2026-06-13
C412,F1487,12595,13,20,1,neutral,medium,reminder,2026-05-10
C353,F1488,15166,1,2,1,neutral,low,statement,2026-05-30
C344,F1489,36296,22,7,3,positive,high,reminder,2026-05-26
C172,F1490,32034,16,9,1,positive,medium,reminder,2026-05-22
C490,F1491,16126,15,9,1,positive,medium,reminder,2026-05-06
C97,F1492,7890,22,15,2,positive,high,statement,2026-05-11
C22,F1493,38965,4,10,3,negative,high,statement,2026-05-13
C11,F1494,9877,7,20,3,negative,high,reminder,2026-06-29
C91,F1495,9706,8,10,3,neutral,medium,statement,2026-06-07
C453,F1496,11824,23,19,1,positive,high,statement,2026-06-19
C456,F1497,47728,23,20,0,positive,medium,reminder,2026-05-08
C398,F1498,45941,1,18,3,negative,high,statement,2026-06-25
C94,F1499,5729,19,10,0,negative,high,statement,2026-06-12
C54,F1500,12870,20,11,1,negative,high,call,2026-05-27
C87,F1501,21286,8,17,1,positive,low,call,2026-06-14
C115,F1502,20643,12,20,0,neutral,medium,reminder,2026-05-27
C214,F1503,25505,26,4,3,negative,high,call,2026-05-14
C270,F1504,30073,12,9,2,neutral,high,call,2026-05-30
C154,F1505,42391,18,2,0,negative,medium,call,2026-05-12
C324,F1506,40306,18,19,3,positive,high,call,2026-06-02
C232,F1507,24015,28,16,3,positive,high,statement,2026-06-17
C140,F1508,36873,13,13,3,neutral,high,reminder,2026-06-02
C465,F1509,20396,13,14,3,neutral,high,reminder,2026-06-09
C492,F1510,43438,20,20,2,negative,high,call,2026-05-10
C159,F1511,11870,25,5,2,negative,high,call,2026-05-20
C138,F1512,21630,15,17,3,positive,high,call,2026-05-10
C48,F1513,31152,17,12,0,positive,medium,call,2026-05-29
C152,F1514,37037,8,8,3,positive,medium,statement,2026-06-25
C427,F1515,7398,4,12,0,positive,low,statement,2026-05-17
C218,F1516,32369,27,3,1,negative,high,statement,2026-05-05
C266,F1517,15558,30,5,2,neutral,high,call,2026-05-31
C405,F1518,6934,11,5,3,negative,high,statement,2026-06-04
C38,F1519,17317,24,12,3,positive,high,reminder,2026-05-03
C147,F1520,33828,26,18,1,neutral,high,reminder,2026-06-27
C356,F1521,20707,6,15,2,neutral,medium,statement,2026-06-20
C268,F1522,15806,18,3,0,negative,high,statement,2026-06-14
C388,F1523,27697,1,18,3,neutral,high,statement,2026-06-27
C346,F1524,46355,4,19,2,neutral,medium,call,2026-06-03
C228,F1525,6978,11,10,2,neutral,high,reminder,2026-05-08
C48,F1526,25701,23,19,3,positive,high,call,2026-06-05
C158,F1527,20081,21,7,2,neutral,high,statement,2026-06-09
C308,F1528,23506,3,7,0,negative,medium,call,2026-05-08
C493,F1529,14691,21,12,2,neutral,high,call,2026-06-27
C151,F1530,47545,8,3,0,negative,medium,call,2026-05-09
C439,F1531,20834,22,17,1,positive,medium,statement,2026-05-07
C239,F1532,42558,8,7,3,neutral,high,call,2026-06-16
C86,F1533,5310,5,9,2,positive,low,statement,2026-05-13
C415,F1534,15474,25,10,2,negative,high,statement,2026-06-05
C382,F1535,24698,27,2,1,negative,high,call,2026-05-25
C9,F1536,24542,28,8,0,negative,high,reminder,2026-05-30
C472,F1537,13530,22,8,2,negative,high,reminder,2026-05-02
C302,F1538,38525,15,15,1,neutral,high,statement,2026-06-18
C84,F1539,24189,6,15,1,positive,low,call,2026-05-04
C108,F1540,39923,22,14,1,neutral,high,reminder,2026-06-09
C233,F1541,10963,1,8,0,positive,low,statement,2026-05-11
C442,F1542,38711,20,14,0,neutral,medium,reminder,2026-05-05
C12,F1543,41025,10,2,3,neutral,medium,call,2026-05-09
C60,F1544,5230,3,17,0,positive,low,reminder,2026-05-17
C205,F1545,11263,3,4,2,positive,low,statement,2026-05-14
C139,F1546,29975,23,16,3,neutral,high,reminder,2026-05-28
C75,F1547,14582,10,15,1,neutral,low,call,2026-05-19
C339,F1548,20723,7,8,3,neutral,medium,reminder,2026-06-27
C275,F1549,27492,30,12,1,negative,high,reminder,2026-06-06
C358,F1550,29585,25,11,2,neutral,high,call,2026-05-21
C465,F1551,44302,14,3,0,negative,high,statement,2026-05-27
C242,F1552,23623,15,10,1,neutral,medium,statement,2026-06-02
C448,F1553,34972,26,20,1,negative,high,statement,2026-05-02
C213,F1554,40280,28,5,1,neutral,high,call,2026-05-31
C179,F1555,33110,26,7,0,neutral,high,statement,2026-06-18
C340,F1556,12887,9,10,2,neutral,medium,call,2026-05-03
C74,F1557,18382,18,16,0,positive,medium,statement,2026-05-04
C236,F1558,10452,25,2,3,negative,high,statement,2026-06-19
C43,F1559,32683,17,11,3,positive,medium,call,2026-05-06
C324,F1560,49608,18,17,2,negative,high,statement,2026-06-23
C381,F1561,27919,12,19,2,positive,medium,statement,2026-05-31
C464,F1562,12455,11,19,0,neutral,medium,statement,2026-05-22
C93,F1563,45718,20,6,0,negative,high,statement,2026-05-15
C346,F1564,35008,25,13,1,positive,medium,call,2026-06-01
C450,F1565,16549,25,3,3,neutral,high,statement,2026-05-24
C364,F1566,34852,13,3,3,neutral,high,statement,2026-05-21
C373,F1567,12219,0,6,0,positive,low,reminder,2026-05-19
C262,F1568,37647,9,11,1,positive,low,statement,2026-06-18
C138,F1569,19678,1,12,3,positive,medium,call,2026-05-13
C398,F1570,37934,19,13,2,neutral,medium,reminder,2026-06-24
C489,F1571,17043,29,17,2,neutral,high,statement,2026-06-15
C320,F1572,6402,16,2,0,negative,high,call,2026-05-15
C396,F1573,7921,30,19,1,negative,high,reminder,2026-05-03
C462,F1574,42556,17,15,1,positive,medium,reminder,2026-05-17
C186,F1575,30455,5,6,3,positive,medium,statement,2026-06-22
C179,F1576,48780,28,11,0,positive,medium,call,2026-06-13
C432,F1577,41047,1,7,1,positive,medium,call,2026-05-30
C9,F1578,25907,14,8,0,negative,medium,statement,2026-06-16
C174,F1579,37987,29,7,2,positive,high,call,2026-06-25
C462,F1580,27117,14,11,0,negative,high,call,2026-06-01
C297,F1581,45992,0,15,3,neutral,medium,call,2026-05-01
C133,F1582,44256,29,17,1,negative,high,reminder,2026-06-17
C27,F1583,36539,13,6,2,neutral,medium,reminder,2026-05-20
C330,F1584,31705,25,4,3,negative,high,reminder,2026-06-13
C398,F1585,10407,29,7,3,negative,high,reminder,2026-05-11
C288,F1586,32499,0,13,0,negative,medium,statement,2026-06-20
C68,F1587,33256,3,11,1,neutral,low,statement,2026-05-22
C81,F1588,5613,2,7,3,negative,high,statement,2026-05-03
C364,F1589,21833,28,16,3,neutral,high,reminder,2026-06-27
C187,F1590,32657,8,11,3,negative,high,statement,2026-05-02
C104,F1591,17489,27,9,0,positive,high,call,2026-05-09
C496,F1592,41245,24,20,3,negative,high,statement,2026-05-17
C18,F1593,34948,17,3,0,neutral,medium,statement,2026-05-19
C95,F1594,47698,10,14,1,neutral,medium,call,2026-05-17
C359,F1595,26098,3,6,0,positive,low,statement,2026-05-16
C255,F1596,23204,13,10,2,neutral,high,statement,2026-06-09
C243,F1597,28118,23,3,0,positive,medium,statement,2026-06-27
C227,F1598,20521,6,7,0,positive,low,statement,2026-06-23
C255,F1599,14592,24,20,0,positive,high,statement,2026-06-28
C53,F1600,41056,2,13,2,negative,high,statement,2026-05-31
C349,F1601,29884,26,20,3,neutral,high,reminder,2026-06-12
C185,F1602,32332,11,14,2,negative,high,reminder,2026-06-20
C165,F1603,7790,20,19,3,neutral,high,reminder,2026-05-11
C163,F1604,19982,22,7,1,positive,high,call,2026-06-24
C96,F1605,8451,0,14,0,negative,medium,call,2026-06-03
C24,F1606,13516,12,8,1,neutral,medium,reminder,2026-06-21
C60,F1607,15187,17,20,1,positive,medium,statement,2026-06-26
C210,F1608,26987,25,5,3,negative,high,call,2026-05-18
C53,F1609,13787,14,12,3,neutral,high,statement,2026-05-10
C466,F1610,29818,25,8,0,positive,medium,call,2026-06-14
C126,F1611,42191,24,19,3,positive,high,call,2026-06-08
C93,F1612,11773,3,13,3,negative,high,statement,2026-06-19
C13,F1613,12430,16,9,1,negative,high,reminder,2026-05-17
C247,F1614,19716,21,10,0,negative,high,reminder,2026-05-06
C356,F1615,30397,14,7,3,neutral,high,statement,2026-06-12
C120,F1616,49179,3,9,1,negative,high,reminder,2026-06-13
C434,F1617,33709,10,2,3,neutral,medium,reminder,2026-05-25
C71,F1618,49325,12,20,3,neutral,high,reminder,2026-06-08
C112,F1619,33320,28,6,2,neutral,high,statement,2026-05-24
C478,F1620,14175,21,9,3,neutral,high,call,2026-06-24
C172,F1621,15576,18,4,0,positive,low,reminder,2026-05-07
C347,F1622,33027,29,7,2,positive,high,statement,2026-05-27
C361,F1623,22492,23,8,3,neutral,high,statement,2026-05-16
C270,F1624,22355,30,7,2,neutral,high,call,2026-05-24
C408,F1625,12848,28,13,0,positive,medium,reminder,2026-05-06
C7,F1626,18361,30,3,2,positive,high,reminder,2026-06-28
C4,F1627,28926,8,9,1,positive,low,statement,2026-06-05
C114,F1628,20269,20,13,3,neutral,high,reminder,2026-05-22
C256,F1629,17501,14,14,2,neutral,medium,reminder,2026-05-26
C434,F1630,12577,0,3,2,positive,low,call,2026-05-22
C161,F1631,29961,28,20,1,positive,medium,reminder,2026-05-14
C483,F1632,16792,20,3,1,negative,high,reminder,2026-05-12
C279,F1633,48977,13,2,3,positive,medium,call,2026-06-24
C87,F1634,10440,6,8,1,neutral,low,statement,2026-06-07
C195,F1635,39063,23,17,3,positive,high,call,2026-06-01
C346,F1636,46709,6,11,2,neutral,medium,statement,2026-06-22
C252,F1637,16320,29,10,3,negative,high,reminder,2026-05-01
C77,F1638,5048,4,16,0,negative,medium,statement,2026-06-09
C235,F1639,43907,9,10,2,neutral,medium,call,2026-05-06
C324,F1640,35455,1,20,0,positive,low,call,2026-06-12
C342,F1641,43507,12,7,2,negative,high,call,2026-06-20
C261,F1642,23916,6,9,2,negative,medium,reminder,2026-06-05
C96,F1643,42906,28,15,2,negative,high,call,2026-06-10
C350,F1644,19203,26,6,0,negative,high,reminder,2026-05-29
C95,F1645,5127,4,10,2,positive,medium,statement,2026-06-12
C492,F1646,16210,29,6,1,positive,medium,call,2026-05-21
C220,F1647,5946,26,2,2,negative,high,reminder,2026-06-04
C142,F1648,7922,24,11,3,negative,high,statement,2026-06-27
C355,F1649,18928,19,9,1,negative,high,call,2026-06-02
C142,F1650,20664,21,15,2,positive,high,statement,2026-05-18
C91,F1651,29649,16,16,1,positive,medium,call,2026-05-31
C411,F1652,22879,2,3,1,neutral,low,call,2026-06-07
C179,F1653,49891,18,2,1,neutral,medium,call,2026-05-16
C11,F1654,24567,14,12,3,positive,high,call,2026-05-02
C386,F1655,43733,29,9,3,negative,high,statement,2026-05-17
C92,F1656,33014,2,10,1,negative,medium,statement,2026-06-16
C20,F1657,7268,13,17,2,positive,high,statement,2026-06-23
C67,F1658,34196,7,14,2,negative,high,reminder,2026-06-01
C323,F1659,25469,6,6,2,negative,high,statement,2026-05-03
C91,F1660,44038,2,18,2,neutral,medium,call,2026-06-14
C213,F1661,31047,6,13,1,neutral,medium,statement,2026-05-10
C207,F1662,9492,30,12,1,neutral,high,reminder,2026-05-23
C293,F1663,28423,14,12,1,positive,medium,reminder,2026-06-11
C334,F1664,46878,28,3,1,neutral,high,call,2026-05-17
C169,F1665,26926,28,9,3,negative,high,reminder,2026-05-31
C6,F1666,48826,23,6,2,neutral,high,call,2026-05-06
C283,F1667,45200,7,15,3,positive,medium,call,2026-05-20
C252,F1668,6038,13,5,3,positive,medium,reminder,2026-05-31
C108,F1669,6035,5,4,0,neutral,low,call,2026-05-29
C398,F1670,45767,17,15,3,positive,high,reminder,2026-06-15
C290,F1671,35078,29,7,1,negative,high,call,2026-06-25
C247,F1672,49051,17,19,1,positive,medium,reminder,2026-06-08
C412,F1673,44474,7,12,0,negative,medium,call,2026-06-11
C353,F1674,34235,13,16,0,positive,low,call,2026-06-11
C159,F1675,10641,5,16,2,positive,medium,reminder,2026-05-12
C55,F1676,8923,14,11,1,neutral,high,statement,2026-05-12
C261,F1677,13764,13,9,0,neutral,medium,statement,2026-06-02
C1,F1678,23204,8,14,3,positive,medium,reminder,2026-05-13
C11,F1679,19271,11,4,1,negative,high,statement,2026-05-23
C195,F1680,5362,30,10,3,neutral,high,statement,2026-05-10
C139,F1681,15665,5,6,0,positive,low,statement,2026-05-22
C171,F1682,22983,15,13,3,positive,high,reminder,2026-06-26
C162,F1683,16490,6,5,0,neutral,low,statement,2026-05-09
C479,F1684,38292,28,13,1,negative,high,reminder,2026-05-14
C470,F1685,41420,8,16,3,neutral,medium,statement,2026-05-15
C375,F1686,36153,16,6,2,neutral,high,statement,2026-06-22
C35,F1687,15441,1,13,2,neutral,medium,reminder,2026-05-13
C164,F1688,29292,29,5,1,negative,high,statement,2026-05-23
C469,F1689,37254,29,13,3,neutral,high,reminder,2026-06-28
C202,F1690,14240,21,19,1,positive,high,statement,2026-06-01
C351,F1691,34871,23,19,1,negative,high,reminder,2026-06-01
C59,F1692,11151,25,15,2,negative,high,call,2026-05-11
C176,F1693,49334,13,18,3,neutral,high,statement,2026-05-09
C363,F1694,45601,27,3,1,neutral,high,statement,2026-05-21
C408,F1695,26276,1,10,2,negative,high,statement,2026-06-10
C323,F1696,27047,27,19,1,neutral,high,reminder,2026-05-20
C32,F1697,41488,11,9,2,neutral,high,reminder,2026-05-26
C393,F1698,28212,7,10,3,positive,medium,reminder,2026-05-23
C136,F1699,37354,30,5,2,negative,high,call,2026-05-30
C59,F1700,7787,20,5,3,positive,high,statement,2026-06-29
C34,F1701,23428,19,16,3,neutral,high,statement,2026-05-10
C133,F1702,39415,25,8,3,negative,high,call,2026-06-25
C78,F1703,9551,24,15,1,neutral,high,reminder,2026-06-17
C418,F1704,16218,23,15,0,neutral,medium,call,2026-05-05
C83,F1705,16692,8,17,1,negative,medium,reminder,2026-06-18
C166,F1706,22225,23,18,2,positive,high,reminder,2026-05-15
C218,F1707,39871,11,6,0,negative,high,statement,2026-05-12
C201,F1708,35852,1,9,0,positive,low,statement,2026-05-27
C103,F1709,39748,20,13,0,negative,medium,reminder,2026-05-25
C56,F1710,9451,28,16,2,negative,high,reminder,2026-05-26
C7,F1711,9682,16,8,3,positive,medium,reminder,2026-06-26
C134,F1712,37679,27,17,1,neutral,high,reminder,2026-06-20
C400,F1713,39400,12,14,3,negative,high,reminder,2026-05-14
C48,F1714,49017,27,11,2,negative,high,call,2026-06-29
C360,F1715,37192,30,6,3,positive,high,reminder,2026-06-06
C132,F1716,16158,9,17,1,negative,high,call,2026-05-20
C83,F1717,43146,15,4,1,positive,medium,statement,2026-05-03
C234,F1718,26684,13,20,2,neutral,medium,call,2026-05-13
C166,F1719,13500,26,9,2,neutral,high,reminder,2026-05-31
C429,F1720,38816,7,6,2,neutral,medium,call,2026-05-28
C235,F1721,45916,13,18,2,negative,high,reminder,2026-06-15
C375,F1722,14066,23,9,2,neutral,high,statement,2026-05-07
C450,F1723,16154,16,19,3,positive,high,statement,2026-06-06
C234,F1724,24890,23,11,2,negative,high,reminder,2026-06-16
C263,F1725,40426,9,12,3,positive,medium,call,2026-05-23
C439,F1726,40804,6,4,2,neutral,medium,call,2026-06-02
C409,F1727,47365,17,7,2,negative,high,statement,2026-05-10
C445,F1728,30512,20,8,3,neutral,high,call,2026-05-27
C206,F1729,25661,12,5,3,neutral,high,call,2026-05-23
C90,F1730,23849,27,14,2,neutral,high,call,2026-05-09
C30,F1731,21118,0,14,1,negative,high,call,2026-06-11
C378,F1732,29431,9,4,3,negative,high,reminder,2026-05-30
C104,F1733,43550,29,4,1,negative,high,statement,2026-05-12
C176,F1734,16536,4,20,2,positive,medium,statement,2026-05-04
C239,F1735,31943,24,7,2,neutral,high,reminder,2026-05-23
C328,F1736,22087,7,6,0,positive,low,statement,2026-06-06
C463,F1737,25704,16,5,2,negative,high,statement,2026-06-20
C128,F1738,17741,11,9,1,negative,high,reminder,2026-06-14
C91,F1739,48324,24,18,2,positive,high,statement,2026-05-20
C377,F1740,9363,11,4,2,neutral,high,call,2026-05-15
C316,F1741,28052,27,5,1,neutral,high,statement,2026-06-14
C336,F1742,6507,8,5,3,positive,medium,call,2026-06-17
C396,F1743,49279,0,18,1,positive,medium,call,2026-06-21
C327,F1744,9250,11,7,1,neutral,medium,call,2026-06-08
C308,F1745,21512,20,9,1,negative,high,reminder,2026-05-29
C145,F1746,26136,22,19,2,positive,high,call,2026-05-15
C112,F1747,10870,9,7,2,negative,medium,reminder,2026-06-04
C12,F1748,44221,28,20,3,neutral,high,call,2026-06-20
C374,F1749,15202,10,8,2,neutral,medium,statement,2026-06-29
C315,F1750,23416,11,2,0,positive,medium,statement,2026-06-17
C242,F1751,29192,19,3,0,negative,high,reminder,2026-05-05
C173,F1752,26687,26,7,0,neutral,medium,reminder,2026-05-25
C247,F1753,10317,11,12,0,positive,medium,call,2026-06-22
C20,F1754,6690,17,12,2,neutral,high,statement,2026-05-31
C315,F1755,47679,0,5,1,neutral,low,call,2026-05-30
C443,F1756,32115,3,12,3,neutral,medium,statement,2026-06-09
C473,F1757,37801,20,12,1,negative,high,statement,2026-05-16
C300,F1758,22044,10,9,2,positive,low,reminder,2026-06-03
C214,F1759,15877,25,6,2,negative,high,call,2026-05-11
C365,F1760,28531,22,10,0,positive,medium,statement,2026-05-30
C202,F1761,14350,27,20,0,positive,medium,statement,2026-05-10
C194,F1762,42480,18,5,2,neutral,high,reminder,2026-06-22
C70,F1763,31561,10,10,2,neutral,medium,statement,2026-06-23
C9,F1764,22794,4,18,3,negative,high,reminder,2026-05-08
C141,F1765,26276,28,3,3,negative,high,statement,2026-05-01
C245,F1766,26385,26,5,2,negative,high,statement,2026-06-20
C446,F1767,38965,26,5,3,positive,high,call,2026-05-22
C170,F1768,31122,11,15,3,negative,high,call,2026-05-14
C278,F1769,31435,1,3,0,negative,medium,call,2026-05-14
C416,F1770,26452,21,15,0,positive,high,call,2026-06-27
C97,F1771,20597,14,4,3,positive,high,reminder,2026-06-20
C145,F1772,15162,11,5,0,neutral,medium,call,2026-06-26
C151,F1773,8403,15,13,3,negative,high,reminder,2026-06-10
C16,F1774,7834,22,10,2,negative,high,statement,2026-05-21
C492,F1775,18864,25,20,2,positive,high,call,2026-06-28
C235,F1776,31495,12,6,1,neutral,high,reminder,2026-05-01
C124,F1777,16653,25,15,2,negative,high,reminder,2026-05-06
C341,F1778,14205,9,14,0,negative,medium,reminder,2026-05-27
C222,F1779,17350,26,4,0,neutral,medium,reminder,2026-05-15
C220,F1780,49791,25,20,3,positive,high,reminder,2026-05-12
C353,F1781,11406,11,16,0,neutral,medium,statement,2026-06-17
C101,F1782,23425,18,4,0,positive,low,reminder,2026-05-24
C36,F1783,17863,1,12,1,neutral,medium,call,2026-05-19
C334,F1784,39103,19,2,2,positive,high,call,2026-05-03
C307,F1785,28585,1,11,2,positive,low,statement,2026-06-05
C30,F1786,8548,24,18,0,negative,high,reminder,2026-06-29
C253,F1787,49157,24,12,2,neutral,high,call,2026-05-20
C176,F1788,24275,18,3,2,negative,high,reminder,2026-05-21
C303,F1789,43763,16,17,2,neutral,high,reminder,2026-06-08
C272,F1790,14710,6,3,0,positive,low,statement,2026-05-07
C415,F1791,20160,19,2,3,positive,high,reminder,2026-06-11
C193,F1792,14337,6,20,2,negative,medium,statement,2026-06-17
C452,F1793,18450,11,10,0,positive,low,call,2026-05-09
C213,F1794,33700,30,15,1,neutral,high,reminder,2026-05-14
C54,F1795,41461,14,6,3,positive,high,call,2026-05-30
C296,F1796,11759,13,3,2,negative,high,call,2026-05-03
C207,F1797,41549,4,3,3,neutral,high,call,2026-06-07
C122,F1798,46087,15,12,0,negative,high,reminder,2026-05-13
C417,F1799,15272,12,14,0,positive,medium,call,2026-05-21
C145,F1800,6482,11,5,2,neutral,medium,reminder,2026-05-15
C440,F1801,25210,28,17,1,negative,high,statement,2026-06-20
C99,F1802,46289,12,16,1,neutral,medium,reminder,2026-06-10
C237,F1803,13152,28,20,2,negative,high,call,2026-05-11
C307,F1804,29231,10,17,2,positive,low,call,2026-05-13
C244,F1805,8691,14,3,1,negative,high,statement,2026-06-30
C412,F1806,23240,15,18,2,neutral,high,call,2026-06-05
C133,F1807,44130,19,14,2,neutral,medium,reminder,2026-06-28
C419,F1808,35295,28,20,3,positive,high,reminder,2026-06-11
C455,F1809,32592,1,4,2,positive,low,reminder,2026-05-11
C491,F1810,43368,18,8,2,neutral,high,statement,2026-05-21
C251,F1811,13053,27,2,2,neutral,high,reminder,2026-06-22
C290,F1812,21531,9,17,3,neutral,medium,reminder,2026-06-28
C138,F1813,22572,19,7,0,negative,high,reminder,2026-05-28
C93,F1814,25375,2,5,2,negative,medium,call,2026-05-30
C78,F1815,29333,22,11,0,positive,medium,statement,2026-06-19
C473,F1816,8746,8,6,3,positive,medium,statement,2026-06-09
C205,F1817,32860,26,11,3,negative,high,call,2026-05-23
C406,F1818,7005,29,15,3,negative,high,statement,2026-05-04
C221,F1819,10259,20,19,0,negative,high,call,2026-06-29
C160,F1820,41765,20,18,3,negative,high,reminder,2026-06-16
C260,F1821,29193,2,13,3,positive,medium,reminder,2026-05-04
C433,F1822,14979,5,14,2,neutral,medium,reminder,2026-06-29
C442,F1823,44053,26,2,0,positive,medium,statement,2026-05-12
C462,F1824,10935,20,13,3,negative,high,call,2026-06-24
C124,F1825,26783,18,11,1,positive,medium,statement,2026-06-11
C495,F1826,44837,26,3,0,positive,medium,call,2026-05-28
C421,F1827,15939,16,18,3,neutral,high,statement,2026-05-23
C393,F1828,46516,1,8,0,positive,low,statement,2026-06-04
C372,F1829,48931,20,20,1,positive,medium,reminder,2026-06-30
C435,F1830,37349,0,5,2,negative,high,reminder,2026-06-12
C328,F1831,13162,24,16,1,positive,high,reminder,2026-05-01
C323,F1832,37790,4,9,1,positive,medium,reminder,2026-06-03
C202,F1833,23126,3,10,1,negative,high,reminder,2026-05-20
C301,F1834,18769,20,19,3,negative,high,statement,2026-06-17
C211,F1835,5455,27,4,3,negative,high,reminder,2026-06-27
C379,F1836,31428,1,11,0,neutral,medium,reminder,2026-06-29
C274,F1837,49399,1,6,0,neutral,low,statement,2026-06-12
C357,F1838,28127,16,16,3,positive,high,call,2026-06-07
C231,F1839,30678,28,19,3,neutral,high,reminder,2026-06-15
C268,F1840,9559,20,2,1,negative,high,reminder,2026-05-27
C126,F1841,13893,17,8,2,positive,medium,reminder,2026-06-05
C458,F1842,30551,19,17,0,positive,low,reminder,2026-05-13
C495,F1843,18193,28,17,0,negative,high,call,2026-06-17
C462,F1844,21914,26,8,1,positive,medium,statement,2026-06-15
C175,F1845,31954,2,16,1,negative,medium,statement,2026-05-11
C339,F1846,49693,24,8,3,neutral,high,statement,2026-05-02
C111,F1847,16858,8,7,3,negative,high,call,2026-06-03
C89,F1848,48544,21,11,0,neutral,high,reminder,2026-05-14
C76,F1849,37177,0,16,0,negative,medium,call,2026-06-26
C84,F1850,18152,16,10,3,negative,high,statement,2026-06-16
C84,F1851,42660,24,9,2,positive,high,reminder,2026-05-24
C477,F1852,15049,27,7,2,neutral,high,reminder,2026-05-16
C102,F1853,49636,20,7,0,negative,medium,reminder,2026-05-10
C196,F1854,5054,16,14,2,negative,high,statement,2026-06-15
C262,F1855,11321,8,19,2,neutral,medium,call,2026-05-06
C288,F1856,14537,11,2,2,negative,high,statement,2026-05-20
C226,F1857,14521,22,16,0,positive,high,reminder,2026-05-19
C392,F1858,48754,25,8,2,neutral,high,statement,2026-06-28
C136,F1859,25977,19,17,2,positive,medium,statement,2026-05-26
C125,F1860,20763,28,15,2,positive,high,statement,2026-06-01
C123,F1861,24527,11,13,3,neutral,high,statement,2026-06-28
C229,F1862,47134,27,12,3,negative,high,reminder,2026-05-04
C396,F1863,44230,19,20,3,negative,high,call,2026-05-27
C152,F1864,45549,14,7,0,neutral,medium,call,2026-05-13
C133,F1865,34324,23,13,3,neutral,high,statement,2026-06-29
C270,F1866,29757,28,12,3,neutral,high,reminder,2026-05-01
C106,F1867,7816,13,5,1,neutral,medium,reminder,2026-05-09
C121,F1868,35430,0,4,3,positive,medium,reminder,2026-06-25
C237,F1869,18618,8,20,2,positive,low,call,2026-05-05
C196,F1870,24793,4,11,2,neutral,medium,reminder,2026-05-02
C192,F1871,41829,19,4,1,negative,high,reminder,2026-06-08
C312,F1872,34223,13,19,3,neutral,high,reminder,2026-05-05
C429,F1873,19534,7,3,3,negative,high,reminder,2026-06-04
C413,F1874,44560,17,15,3,neutral,high,reminder,2026-06-10
C402,F1875,13247,9,12,0,negative,medium,reminder,2026-06-16
C407,F1876,20635,21,13,0,positive,medium,reminder,2026-06-14
C101,F1877,13815,17,11,0,negative,high,statement,2026-05-17
C48,F1878,5514,20,19,2,neutral,high,statement,2026-05-14
C96,F1879,21384,9,8,3,neutral,medium,reminder,2026-06-17
C50,F1880,24166,1,13,1,neutral,medium,statement,2026-06-20
C476,F1881,49846,23,5,3,positive,high,call,2026-05-16
C492,F1882,10810,29,19,2,neutral,high,statement,2026-05-12
C10,F1883,38805,7,5,3,negative,high,reminder,2026-06-04
C402,F1884,10826,4,17,1,neutral,medium,reminder,2026-06-18
C345,F1885,10382,24,9,2,neutral,high,statement,2026-05-02
C295,F1886,39378,10,15,2,negative,medium,statement,2026-05-08
C390,F1887,34049,1,7,1,neutral,low,reminder,2026-05-23
C369,F1888,48291,27,20,2,neutral,high,reminder,2026-06-08
C331,F1889,42192,30,10,2,neutral,high,call,2026-05-13
C18,F1890,32000,13,11,3,positive,medium,call,2026-05-14
C11,F1891,34373,11,10,2,negative,high,reminder,2026-06-27
C72,F1892,24583,22,12,1,neutral,high,reminder,2026-06-29
C450,F1893,15472,20,2,3,positive,high,statement,2026-05-31
C135,F1894,10913,11,16,3,neutral,high,reminder,2026-05-07
C231,F1895,21977,16,19,3,neutral,high,call,2026-06-16
C178,F1896,8131,21,5,3,positive,high,statement,2026-06-03
C472,F1897,33259,8,4,0,neutral,medium,call,2026-06-23
C437,F1898,17618,28,17,1,positive,high,reminder,2026-05-31
C79,F1899,48164,14,10,2,positive,medium,statement,2026-05-04
C375,F1900,5678,4,16,1,neutral,medium,reminder,2026-06-29
C5,F1901,41921,25,5,2,positive,high,call,2026-05-30
C344,F1902,7858,4,12,2,neutral,medium,call,2026-05-22
C455,F1903,45321,29,18,3,neutral,high,call,2026-05-27
C191,F1904,46140,8,10,1,negative,medium,call,2026-06-01
C259,F1905,38151,29,7,1,positive,medium,statement,2026-06-15
C454,F1906,6601,26,8,1,neutral,high,reminder,2026-05-28
C156,F1907,26033,15,8,0,negative,high,statement,2026-05-08
C183,F1908,41523,6,20,3,neutral,medium,call,2026-06-23
C264,F1909,12316,19,13,3,negative,high,statement,2026-06-03
C120,F1910,45511,19,12,3,neutral,high,statement,2026-05-10
C139,F1911,17498,3,9,1,neutral,medium,call,2026-05-24
C388,F1912,21976,9,6,3,negative,high,call,2026-05-24
C1,F1913,13694,6,14,1,positive,low,statement,2026-05-20
C374,F1914,7491,20,6,0,positive,medium,call,2026-06-28
C67,F1915,39618,0,20,0,neutral,low,call,2026-06-17
C330,F1916,44293,30,9,1,negative,high,call,2026-06-09
C191,F1917,8919,27,11,3,positive,high,reminder,2026-05-16
C101,F1918,44742,7,8,0,negative,medium,call,2026-06-28
C459,F1919,7191,1,5,3,neutral,medium,statement,2026-05-27
C121,F1920,48168,18,2,0,negative,medium,statement,2026-05-29
C422,F1921,33743,13,11,1,positive,medium,reminder,2026-05-08
C152,F1922,11620,11,12,3,neutral,high,call,2026-05-14
C39,F1923,10312,10,15,3,neutral,medium,call,2026-05-09
C127,F1924,12159,9,16,3,negative,high,call,2026-06-07
C112,F1925,34421,24,5,1,positive,medium,call,2026-05-07
C441,F1926,13489,0,9,2,neutral,medium,statement,2026-06-03
C339,F1927,17270,27,3,3,positive,high,reminder,2026-06-21
C130,F1928,5984,6,16,1,positive,low,statement,2026-05-25
C39,F1929,49394,28,15,3,negative,high,statement,2026-05-29
C342,F1930,44856,13,12,0,neutral,medium,statement,2026-06-04
C177,F1931,6754,9,17,2,negative,high,statement,2026-06-19
C451,F1932,12060,27,10,0,neutral,high,reminder,2026-05-19
C142,F1933,14007,18,17,0,neutral,medium,reminder,2026-05-07
C415,F1934,5166,17,14,0,neutral,medium,reminder,2026-06-19
C425,F1935,35877,10,5,3,positive,medium,statement,2026-06-17
C60,F1936,20921,11,15,0,positive,medium,call,2026-05-14
C377,F1937,20593,2,12,0,negative,medium,reminder,2026-05-16
C105,F1938,12027,2,13,3,positive,medium,reminder,2026-06-14
C224,F1939,42340,2,9,0,positive,low,reminder,2026-06-24
C277,F1940,6714,21,20,0,neutral,high,reminder,2026-05-12
C194,F1941,11463,5,17,0,negative,medium,statement,2026-05-16
C193,F1942,31974,29,9,0,positive,medium,call,2026-05-29
C275,F1943,38013,27,10,1,negative,high,call,2026-05-12
C408,F1944,6456,26,5,3,positive,high,reminder,2026-05-24
C115,F1945,7727,10,10,1,positive,medium,statement,2026-05-29
C89,F1946,39903,7,2,2,negative,high,call,2026-06-14
C150,F1947,32022,22,3,0,positive,medium,call,2026-06-23
C236,F1948,28361,5,3,0,positive,low,call,2026-05-19
C97,F1949,33713,28,9,3,negative,high,statement,2026-05-03
C289,F1950,30261,10,14,3,neutral,high,call,2026-05-25
C458,F1951,20969,6,10,3,negative,high,reminder,2026-05-10
C108,F1952,34415,20,19,2,positive,medium,statement,2026-06-05
C341,F1953,49251,22,2,0,positive,high,reminder,2026-06-28
C248,F1954,25913,1,10,0,positive,low,statement,2026-05-05
C107,F1955,44903,3,12,3,positive,medium,reminder,2026-06-11
C446,F1956,44420,27,2,0,negative,high,reminder,2026-05-26
C205,F1957,14233,8,6,3,positive,medium,statement,2026-06-27
C275,F1958,20950,17,9,3,negative,high,statement,2026-05-23
C140,F1959,24429,29,18,3,negative,high,call,2026-06-17
C243,F1960,6722,9,18,2,negative,high,reminder,2026-06-30
C417,F1961,23636,22,11,1,negative,high,call,2026-06-06
C301,F1962,25363,22,15,3,neutral,high,reminder,2026-06-18
C225,F1963,29442,22,2,1,neutral,high,statement,2026-05-25
C272,F1964,35602,12,6,2,negative,high,reminder,2026-06-03
C239,F1965,27893,1,8,2,positive,low,reminder,2026-05-16
C328,F1966,45771,1,17,3,neutral,medium,reminder,2026-05-20
C100,F1967,17268,21,17,1,negative,high,call,2026-05-05
C127,F1968,33653,3,10,2,negative,high,reminder,2026-05-15
C117,F1969,40098,13,18,2,positive,medium,statement,2026-06-15
C292,F1970,5277,10,11,0,negative,medium,call,2026-05-17
C283,F1971,43375,2,8,2,neutral,medium,call,2026-06-28
C453,F1972,30067,29,15,1,positive,high,call,2026-06-09
C415,F1973,38383,15,7,1,negative,high,call,2026-05-01
C345,F1974,42458,11,6,1,positive,medium,reminder,2026-06-09
C207,F1975,41628,11,16,1,negative,high,call,2026-05-23
C444,F1976,13150,6,5,1,neutral,medium,reminder,2026-06-07
C166,F1977,33181,29,10,3,negative,high,call,2026-06-06
C489,F1978,21886,22,8,0,negative,high,call,2026-05-02
C408,F1979,33174,15,17,0,positive,low,call,2026-05-24
C196,F1980,46495,20,19,3,negative,high,call,2026-05-31
C116,F1981,38687,11,8,1,positive,medium,call,2026-05-25
C149,F1982,42619,8,16,3,negative,high,statement,2026-06-17
C93,F1983,44350,26,10,3,neutral,high,reminder,2026-05-23
C424,F1984,28700,10,20,2,neutral,medium,call,2026-06-25
C365,F1985,36611,1,4,1,positive,low,reminder,2026-06-15
C109,F1986,44064,19,16,3,positive,high,statement,2026-06-25
C441,F1987,36644,16,16,0,negative,high,statement,2026-06-06
C306,F1988,32484,24,16,3,negative,high,statement,2026-06-15
C323,F1989,28282,28,19,3,negative,high,call,2026-05-02
C60,F1990,12406,30,18,2,positive,high,reminder,2026-06-12
C245,F1991,6070,16,9,1,neutral,medium,statement,2026-05-20
C306,F1992,42126,15,5,2,negative,high,reminder,2026-06-09
C24,F1993,33981,8,5,2,negative,high,reminder,2026-05-04
C60,F1994,24859,20,13,0,positive,medium,reminder,2026-06-16
C333,F1995,32224,8,14,0,neutral,low,call,2026-05-22
C144,F1996,26767,18,3,3,negative,high,call,2026-06-26
C414,F1997,42494,27,17,2,neutral,high,statement,2026-05-15
C419,F1998,17316,7,9,2,neutral,medium,call,2026-05-14
C252,F1999,47358,25,16,3,negative,high,call,2026-06-24
C486,F2000,20328,19,5,2,neutral,medium,call,2026-05-09
